time_stamp	px_ground_truth	py_ground_truth	vx_ground_truth	vy_ground_truth	px	py	v	yaw	yaw_rate	sensor_type	NIS
1477010443000000	0.6	0.6	5.19994	0	0.312243	0.58034	0	0	0	L	0
1477010443050000	0.859997	0.600045	5.19975	0.00179686	0.735492	0.629623	7.20011	-2.76152e-17	1.15826e-17	R	74.7624
1477010443100000	1.11998	0.600225	5.19943	0.00538996	1.1605	0.494953	7.20317	-0.12722	-0.0118583	L	0.221167
1477010443150000	1.37996	0.600629	5.19898	0.0107781	1.25808	0.533061	7.18852	0.1229	0.0306705	R	1.82476
1477010443200000	1.6399	0.601347	5.19839	0.0179597	1.61575	0.595371	7.2019	0.161647	0.0462409	L	0.16769
1477010443250000	1.89982	0.60247	5.19766	0.0269323	1.85109	0.561738	6.01644	0.0248479	-0.235978	R	7.7654
1477010443300000	2.1597	0.604086	5.19678	0.0376932	2.16317	0.59103	6.01595	0.0395723	-0.179889	L	0.254893
1477010443350000	2.41954	0.606284	5.19573	0.0502389	2.37915	0.636716	5.61982	0.0542059	-0.354022	R	6.4158
1477010443400000	2.67932	0.609155	5.1945	0.0645654	2.65691	0.653547	5.61687	0.0427388	-0.330629	L	0.00959396
1477010443450000	2.93904	0.612786	5.19309	0.080668	2.92341	0.646887	5.55314	-0.00604854	-0.488881	R	0.468212
1477010443500000	3.19869	0.617267	5.19147	0.0985415	3.1598	0.642078	5.50949	-0.0196012	-0.452021	L	1.22092
1477010443550000	3.45825	0.622685	5.18963	0.11818	3.44512	0.538065	5.54011	-0.167695	-0.863728	R	1.24784
1477010443600000	3.71772	0.62913	5.18754	0.139576	3.74813	0.426057	5.6022	-0.285143	-1.07895	L	2.04206
1477010443650000	3.97708	0.636689	5.18519	0.162724	4.02937	0.509675	5.56224	-0.149501	-0.558851	R	4.1915
1477010443700000	4.23632	0.645449	5.18256	0.187614	4.30356	0.501251	5.54607	-0.142653	-0.475111	L	0.394136
1477010443750000	4.49542	0.655498	5.17962	0.214238	4.56535	0.534708	5.4805	-0.105359	-0.345806	R	2.23536
1477010443800000	4.75437	0.666921	5.17634	0.242587	4.75788	0.638436	5.33756	-0.0075294	-0.107393	L	13.3448
1477010443850000	5.01315	0.679804	5.1727	0.272649	5.01157	0.63521	5.29067	-0.0178615	-0.12042	R	2.34844
1477010443900000	5.27175	0.694234	5.16867	0.304413	5.3127	0.634652	5.33132	-0.0210537	-0.114691	L	2.24701
1477010443950000	5.53013	0.710295	5.16422	0.337868	5.57008	0.643093	5.32923	-0.0140736	-0.0909901	R	1.65136
1477010444000000	5.78828	0.728072	5.15932	0.372999	5.86301	0.661486	5.35474	-0.00347895	-0.0654927	L	1.46348
1477010444050000	6.04618	0.747647	5.15393	0.409793	6.10805	0.586195	5.31982	-0.058376	-0.151068	R	4.01535
1477010444100000	6.30379	0.769103	5.14803	0.448233	6.36584	0.701274	5.29504	0.0177468	-0.0217644	L	4.20338
1477010444150000	6.5611	0.792523	5.14157	0.488305	6.61872	0.731455	5.26852	0.0312153	-0.00113637	R	1.01644
1477010444200000	6.81808	0.817988	5.13452	0.52999	6.86757	0.731788	5.25507	0.0268064	-0.00729073	L	0.397043
1477010444250000	7.07469	0.845578	5.12685	0.573269	7.11609	0.71312	5.21798	0.00947531	-0.0334952	R	4.02717
1477010444300000	7.3309	0.875373	5.11851	0.618123	7.34094	0.799189	5.17844	0.0550395	0.0313955	L	3.86212
1477010444350000	7.58668	0.907449	5.10946	0.664531	7.62654	0.811081	5.21707	0.0554996	0.0304662	R	3.3322
1477010444400000	7.84199	0.941886	5.09966	0.712469	7.87673	0.791305	5.20829	0.0390158	0.00686598	L	0.599405
1477010444450000	8.0968	0.978759	5.08907	0.761915	8.13113	0.807587	5.18636	0.0411392	0.00741011	R	2.96081
1477010444500000	8.35106	1.01814	5.07766	0.812843	8.37062	0.827252	5.16822	0.0465481	0.0141108	L	0.785899
1477010444550000	8.60472	1.06011	5.06537	0.865226	8.63272	0.915148	5.18797	0.0867671	0.0663398	R	6.51951
1477010444600000	8.85775	1.10473	5.05216	0.919037	8.87019	0.976109	5.16962	0.109635	0.0914829	L	1.15291
1477010444650000	9.1101	1.15208	5.03798	0.974245	9.15385	1.01456	5.19721	0.118119	0.0960242	R	6.32345
1477010444700000	9.36172	1.20223	5.0228	1.03082	9.39122	1.04949	5.17898	0.125493	0.0996508	L	0.936563
1477010444750000	9.61255	1.25524	5.00656	1.08873	9.66472	1.12154	5.2012	0.148823	0.122525	R	4.37448
1477010444800000	9.86254	1.31118	4.98922	1.14794	9.93181	1.2512	5.21705	0.198222	0.176955	L	3.12674
1477010444850000	10.1117	1.37011	4.97074	1.20841	10.1846	1.34306	5.20576	0.227624	0.205004	R	4.63739
1477010444900000	10.3598	1.4321	4.95106	1.2701	10.4119	1.42626	5.18583	0.25067	0.221957	L	1.44269
1477010444950000	10.6069	1.49721	4.93014	1.33298	10.6514	1.51777	5.16128	0.278204	0.247578	R	4.56943
1477010445000000	10.853	1.56549	4.90794	1.39701	10.8818	1.55086	5.14044	0.273396	0.22677	L	1.71964
1477010445050000	11.0979	1.637	4.8844	1.46213	11.1433	1.60365	5.15168	0.274517	0.212862	R	1.56715
1477010445100000	11.3416	1.71179	4.85948	1.52832	11.4179	1.64773	5.17008	0.269713	0.192415	L	1.56548
1477010445150000	11.584	1.78992	4.83313	1.59551	11.6538	1.7109	5.15034	0.278848	0.194349	R	1.28245
1477010445200000	11.8251	1.87144	4.80531	1.66366	11.8865	1.77586	5.13681	0.286806	0.192722	L	0.632562
1477010445250000	12.0647	1.95639	4.77598	1.73273	12.1364	1.86521	5.15031	0.301978	0.19759	R	1.06285
1477010445300000	12.3029	2.04482	4.74508	1.80265	12.3811	1.89324	5.13799	0.288697	0.16887	L	0.930109
1477010445350000	12.5394	2.13677	4.71257	1.87338	12.6327	1.95258	5.14672	0.287944	0.154975	R	0.919475
1477010445400000	12.7743	2.23227	4.67842	1.94485	12.8346	2.08929	5.12591	0.330347	0.199325	L	3.64935
1477010445450000	13.0075	2.33137	4.64258	2.01701	13.0912	2.19036	5.15512	0.342782	0.197	R	3.50768
1477010445500000	13.2388	2.43409	4.605	2.08981	13.2944	2.33337	5.13846	0.383318	0.236084	L	2.68175
1477010445550000	13.4682	2.54047	4.56565	2.16317	13.4836	2.49044	5.10243	0.434674	0.293792	R	11.0486
1477010445600000	13.6955	2.65053	4.52448	2.23703	13.7286	2.60071	5.11494	0.447688	0.291074	L	0.610034
1477010445650000	13.9208	2.7643	4.48147	2.31134	13.9492	2.71956	5.10688	0.46821	0.300864	R	0.293961
1477010445700000	14.1439	2.88179	4.43656	2.38601	14.1739	2.86808	5.11652	0.497645	0.318101	L	0.404179
1477010445750000	14.3646	3.00303	4.38974	2.46099	14.4182	2.97039	5.13468	0.494739	0.286777	R	1.57266
1477010445800000	14.583	3.12802	4.34097	2.5362	14.6301	3.04719	5.10655	0.49141	0.266864	L	2.5159
1477010445850000	14.7989	3.25679	4.29021	2.61157	14.8556	3.1927	5.12495	0.510527	0.267698	R	3.89858
1477010445900000	15.0122	3.38932	4.23744	2.68703	15.0574	3.38118	5.13479	0.554353	0.304422	L	1.11793
1477010445950000	15.2228	3.52563	4.18263	2.76249	15.2678	3.54648	5.13829	0.58571	0.327481	R	2.37832
1477010446000000	15.4306	3.66572	4.12575	2.83789	15.4763	3.72922	5.15289	0.619096	0.347255	L	0.710632
1477010446050000	15.6355	3.80957	4.06678	2.91315	15.6896	3.86257	5.14898	0.627501	0.335857	R	0.9549
1477010446100000	15.8375	3.95719	4.00571	2.98817	15.9097	4.00473	5.15359	0.636981	0.326643	L	0.246464
1477010446150000	16.0363	4.10854	3.94251	3.0629	16.1068	4.17322	5.14678	0.667194	0.352356	R	1.67901
1477010446200000	16.2319	4.26363	3.87716	3.13723	16.302	4.36407	5.15875	0.697624	0.366942	L	0.430407
1477010446250000	16.4242	4.42242	3.80966	3.21109	16.5115	4.52379	5.16583	0.70795	0.354585	R	0.702144
1477010446300000	16.613	4.5849	3.74	3.28438	16.6914	4.69613	5.15741	0.730586	0.361149	L	0.416715
1477010446350000	16.7983	4.75103	3.66817	3.35704	16.8455	4.90574	5.13969	0.78654	0.428168	R	4.77285
1477010446400000	16.9799	4.92077	3.59416	3.42897	17.0097	5.12469	5.15062	0.824534	0.44714	L	0.485089
1477010446450000	17.1579	5.09409	3.51797	3.50008	17.1793	5.30633	5.14028	0.848806	0.455951	R	1.87865
1477010446500000	17.3319	5.27094	3.4396	3.57028	17.3425	5.48886	5.13015	0.868883	0.453657	L	0.290588
1477010446550000	17.5019	5.45128	3.35907	3.63949	17.4971	5.67575	5.1143	0.896898	0.469753	R	3.61268
1477010446600000	17.6679	5.63506	3.27637	3.70762	17.6978	5.80416	5.09167	0.88444	0.429575	L	2.52295
1477010446650000	17.8297	5.82221	3.19151	3.77458	17.8356	6.01882	5.08434	0.927309	0.468969	R	1.48741
1477010446700000	17.9872	6.01269	3.10453	3.84027	18.0148	6.19927	5.08377	0.934225	0.449578	L	0.768483
1477010446750000	18.1402	6.20641	3.01542	3.90462	18.1591	6.41452	5.08724	0.962314	0.458023	R	0.540651
1477010446800000	18.2888	6.40332	2.92421	3.96753	18.2835	6.64007	5.08864	0.995519	0.469959	L	0.289576
1477010446850000	18.4328	6.60333	2.83093	4.0289	18.4106	6.86271	5.08828	1.0276	0.485085	R	0.245163
1477010446900000	18.572	6.80638	2.7356	4.08867	18.5655	7.01069	5.04821	1.02479	0.457345	L	3.57959
1477010446950000	18.7064	7.01237	2.63825	4.14672	18.7107	7.22091	5.05341	1.03505	0.434967	R	0.429277
1477010447000000	18.8359	7.22122	2.53893	4.20299	18.9141	7.36066	5.02862	1.01123	0.38447	L	5.15337
1477010447050000	18.9604	7.43283	2.43767	4.25737	18.9942	7.58875	5.00971	1.06435	0.443411	R	4.84891
1477010447100000	19.0798	7.64712	2.3345	4.3098	19.0897	7.82916	5.01537	1.09945	0.457952	L	0.440961
1477010447150000	19.1939	7.86397	2.22949	4.36017	19.2054	8.04677	5.01225	1.11812	0.451806	R	0.421258
1477010447200000	19.3028	8.08329	2.12266	4.40842	19.2889	8.25737	4.99009	1.14577	0.459448	L	2.08588
1477010447250000	19.4062	8.30497	2.01409	4.45445	19.3832	8.47835	4.9837	1.16448	0.448091	R	2.59132
1477010447300000	19.5042	8.5289	1.90381	4.49819	19.4827	8.63908	4.92851	1.172	0.435728	L	6.70233
1477010447350000	19.5966	8.75494	1.7919	4.53956	19.5655	8.86403	4.92076	1.20165	0.452054	R	0.954607
1477010447400000	19.6835	8.983	1.67841	4.57848	19.7342	9.03081	4.89607	1.18211	0.406198	L	5.49189
1477010447450000	19.7645	9.21294	1.56341	4.61488	19.7979	9.26747	4.8919	1.22283	0.44244	R	1.065
1477010447500000	19.8398	9.44463	1.44697	4.64869	19.9358	9.4719	4.88775	1.21895	0.413212	L	2.76592
1477010447550000	19.9093	9.67795	1.32916	4.67984	19.9706	9.71223	4.87741	1.27312	0.472277	R	3.07502
1477010447600000	19.9728	9.91275	1.21005	4.70826	20.065	9.93141	4.87228	1.2846	0.458916	L	0.521564
1477010447650000	20.0303	10.1489	1.08972	4.73389	20.1205	10.18	4.88311	1.30937	0.453814	R	6.46635
1477010447700000	20.0818	10.3863	0.968259	4.75666	20.1746	10.4266	4.89038	1.33589	0.457544	L	0.103764
1477010447750000	20.1271	10.6247	0.845742	4.77652	20.1842	10.6717	4.88325	1.38784	0.506626	R	3.08663
1477010447800000	20.1663	10.864	0.722256	4.7934	20.2488	10.9204	4.89555	1.40512	0.496619	L	1.18812
1477010447850000	20.1993	11.1041	0.597892	4.80727	20.276	11.1732	4.90403	1.43197	0.493529	R	4.59874
1477010447900000	20.2261	11.3449	0.472738	4.81807	20.3125	11.4044	4.89453	1.4533	0.490678	L	0.170893
1477010447950000	20.2466	11.5861	0.346889	4.82575	20.2533	11.6585	4.88776	1.53468	0.587789	R	10.7776
1477010448000000	20.2608	11.8275	0.220439	4.83027	20.3279	11.891	4.88629	1.53611	0.557274	L	4.6131
1477010448050000	20.2687	12.0692	0.093487	4.83159	20.3521	12.1284	4.88346	1.53956	0.505842	R	3.8796
1477010448100000	20.2701	12.3108	-0.0338694	4.82968	20.3448	12.3932	4.90124	1.57043	0.510142	L	0.59641
1477010448150000	20.2652	12.5522	-0.161529	4.82451	20.292	12.6355	4.89473	1.63178	0.575097	R	3.31157
1477010448200000	20.254	12.7933	-0.28939	4.81605	20.3178	12.8721	4.88986	1.64325	0.556941	L	1.81009
1477010448250000	20.2363	13.0339	-0.417348	4.80428	20.3019	13.1088	4.88397	1.67138	0.561581	R	2.20577
1477010448300000	20.2122	13.2738	-0.545298	4.78918	20.2649	13.3267	4.86196	1.70285	0.567449	L	1.53057
1477010448350000	20.1818	13.5129	-0.673135	4.77072	20.2238	13.5643	4.85954	1.72915	0.558775	R	1.38941
1477010448400000	20.1449	13.7509	-0.800753	4.74892	20.2074	13.8116	4.86548	1.74739	0.547836	L	1.04013
1477010448450000	20.1017	13.9878	-0.928043	4.72374	20.1483	14.0433	4.86047	1.78537	0.568253	R	0.944521
1477010448500000	20.0521	14.2233	-1.0549	4.69521	20.0971	14.2874	4.86685	1.81202	0.565738	L	0.157286
1477010448550000	19.9962	14.4573	-1.18121	4.66331	20.0237	14.5179	4.86398	1.84352	0.567058	R	1.46241
1477010448600000	19.934	14.6897	-1.30687	4.62805	19.9207	14.7584	4.87564	1.88404	0.578767	L	1.0945
1477010448650000	19.8655	14.9202	-1.43177	4.58944	19.8518	14.9814	4.8661	1.90101	0.552506	R	3.55473
1477010448700000	19.7908	15.1486	-1.55581	4.54751	19.8178	15.2044	4.85155	1.91174	0.536177	L	2.26458
1477010448750000	19.7099	15.3749	-1.67887	4.50226	19.6827	15.4154	4.852	1.99034	0.64274	R	7.74142
1477010448800000	19.6229	15.5989	-1.80085	4.45372	19.6447	15.6178	4.82122	2.00139	0.623595	L	4.19907
1477010448850000	19.5298	15.8203	-1.92164	4.40193	19.546	15.8298	4.81464	2.02799	0.614024	R	1.54268
1477010448900000	19.4307	16.039	-2.04114	4.3469	19.4441	16.0386	4.80775	2.05672	0.612647	L	0.0962174
1477010448950000	19.3257	16.2549	-2.15925	4.28868	19.3394	16.2515	4.80384	2.07129	0.57637	R	1.98974
1477010449000000	19.2148	16.4679	-2.27586	4.22731	19.2264	16.433	4.77896	2.1022	0.581058	L	1.35928
1477010449050000	19.0981	16.6777	-2.39087	4.16284	19.1039	16.6344	4.77632	2.13184	0.583073	R	0.356564
1477010449100000	18.9757	16.8841	-2.50418	4.0953	18.9792	16.835	4.77465	2.15923	0.581384	L	0.0313091
1477010449150000	18.8477	17.0872	-2.61571	4.02476	18.8219	17.0249	4.78306	2.21847	0.64825	R	6.13943
1477010449200000	18.7142	17.2866	-2.72534	3.95127	18.6628	17.2383	4.80843	2.25015	0.64499	L	1.22244
1477010449250000	18.5752	17.4822	-2.83299	3.87489	18.556	17.4485	4.79949	2.23308	0.545374	R	6.34846
1477010449300000	18.4309	17.674	-2.93858	3.79568	18.3532	17.6249	4.81533	2.27863	0.562893	L	3.65212
1477010449350000	18.2814	17.8617	-3.042	3.71372	18.2155	17.8182	4.81038	2.28079	0.508139	R	2.43903
1477010449400000	18.1268	18.0453	-3.14318	3.62906	18.0827	18.0051	4.80233	2.29707	0.499378	L	0.947769
1477010449450000	17.9671	18.2246	-3.24204	3.5418	17.9047	18.1619	4.79767	2.34098	0.535606	R	2.04743
1477010449500000	17.8026	18.3994	-3.3385	3.45199	17.7642	18.3142	4.76928	2.36347	0.533576	L	1.50057
1477010449550000	17.6334	18.5697	-3.43247	3.35973	17.6262	18.5	4.76404	2.36998	0.503331	R	6.75106
1477010449600000	17.4595	18.7353	-3.5239	3.26509	17.4418	18.67	4.7752	2.3969	0.504249	L	0.235926
1477010449650000	17.281	18.8962	-3.61271	3.16817	17.2575	18.8142	4.76965	2.43242	0.523323	R	1.85884
1477010449700000	17.0983	19.0521	-3.69883	3.06904	17.0916	18.9545	4.75067	2.45718	0.523341	L	0.62661
1477010449750000	16.9113	19.203	-3.78221	2.9678	16.9239	19.1249	4.75369	2.46838	0.500102	R	2.96068
1477010449800000	16.7201	19.3488	-3.86278	2.86455	16.7097	19.2369	4.74786	2.5089	0.516749	L	2.78476
1477010449850000	16.5251	19.4894	-3.9405	2.75938	16.5214	19.388	4.75436	2.53265	0.51852	R	3.12773
1477010449900000	16.3262	19.6246	-4.01531	2.65237	16.3098	19.5365	4.77391	2.55802	0.516448	L	0.649563
1477010449950000	16.1237	19.7545	-4.08716	2.54364	16.0838	19.6221	4.76642	2.60953	0.556435	R	10.1593
1477010450000000	15.9176	19.8789	-4.15602	2.43329	15.8844	19.7607	4.77383	2.62977	0.547954	L	0.71848
1477010450050000	15.7082	19.9978	-4.22185	2.32141	15.6916	19.8887	4.76447	2.63388	0.498655	R	3.23691
1477010450100000	15.4956	20.111	-4.28461	2.2081	15.474	20.0312	4.78719	2.65173	0.489483	L	1.32013
1477010450150000	15.2799	20.2185	-4.34427	2.09347	15.2689	20.1684	4.79584	2.66283	0.468932	R	5.70765
1477010450200000	15.0613	20.3203	-4.4008	1.97763	15.0776	20.3023	4.79318	2.67382	0.456107	L	1.7916
1477010450250000	14.84	20.4162	-4.4542	1.86068	14.8486	20.3838	4.79273	2.71191	0.48052	R	2.16436
1477010450300000	14.6161	20.5063	-4.50443	1.74272	14.635	20.5018	4.79936	2.7284	0.472213	L	0.659583
1477010450350000	14.3897	20.5904	-4.55149	1.62386	14.4036	20.5853	4.8056	2.76551	0.499755	R	1.36143
1477010450400000	14.1611	20.6686	-4.59537	1.50421	14.1598	20.6583	4.81487	2.7978	0.506765	L	0.837784
1477010450450000	13.9304	20.7408	-4.63606	1.38386	13.9268	20.7271	4.8177	2.834	0.529398	R	0.408887
1477010450500000	13.6977	20.807	-4.67357	1.26294	13.6618	20.7862	4.84089	2.86932	0.537056	L	2.14925
1477010450550000	13.4632	20.8671	-4.70789	1.14153	13.4176	20.8148	4.84207	2.92409	0.591445	R	2.3733
1477010450600000	13.2271	20.9211	-4.73904	1.01975	13.1697	20.8583	4.84903	2.95688	0.594298	L	0.247741
1477010450650000	12.9895	20.969	-4.76702	0.897694	12.9401	20.9156	4.84688	2.97871	0.584353	R	1.71583
1477010450700000	12.7506	21.0108	-4.79186	0.775469	12.7255	20.9682	4.83166	2.9993	0.576503	L	1.56502
1477010450750000	12.5106	21.0465	-4.81358	0.653175	12.4799	21.0053	4.84002	3.02832	0.579071	R	2.70071
1477010450800000	12.2695	21.0761	-4.83219	0.530912	12.2332	21.0436	4.8496	3.05255	0.573271	L	0.278248
1477010450850000	12.0276	21.0996	-4.84773	0.408778	11.9959	21.0626	4.84815	3.08425	0.582706	R	0.903187
1477010450900000	11.785	21.117	-4.86022	0.286869	11.7463	21.0375	4.84572	3.12693	0.597314	L	1.80167
1477010450950000	11.5418	21.1283	-4.86971	0.165281	11.5008	21.0233	4.84577	3.16277	0.604538	R	1.07145
1477010451000000	11.2982	21.1335	-4.87623	0.0441057	11.2734	21.0223	4.83435	3.1895	0.601782	L	0.527168
1477010451050000	11.0544	21.1327	-4.87982	-0.076565	11.0226	20.9824	4.83901	3.22972	0.612993	R	4.17317
1477010451100000	10.8105	21.1259	-4.88053	-0.196643	10.7991	20.9495	4.82249	3.2631	0.617373	L	0.468925
1477010451150000	10.5666	21.1131	-4.8784	-0.31604	10.5513	20.9495	4.82396	3.26617	0.562395	R	5.68883
1477010451200000	10.3229	21.0943	-4.87349	-0.434674	10.2859	20.9727	4.85376	3.27229	0.535887	L	3.60713
1477010451250000	10.0795	21.0697	-4.86585	-0.552463	10.0472	20.9542	4.85279	3.29124	0.524974	R	1.00743
1477010451300000	9.83658	21.0391	-4.85554	-0.669327	9.83506	20.9211	4.82852	3.31574	0.525004	L	1.51872
1477010451350000	9.59422	21.0028	-4.84262	-0.785189	9.59506	20.9153	4.82175	3.3111	0.466909	R	2.33748
1477010451400000	9.35258	20.9607	-4.82714	-0.899977	9.38618	20.8669	4.79607	3.33752	0.472074	L	1.23346
1477010451450000	9.11177	20.9128	-4.80919	-1.01362	9.15765	20.8279	4.7911	3.35808	0.470281	R	1.53343
1477010451500000	8.87192	20.8594	-4.78881	-1.12605	8.8879	20.7902	4.82411	3.3733	0.459167	L	1.8831
1477010451550000	8.63315	20.8003	-4.76608	-1.2372	8.66565	20.7126	4.81574	3.40674	0.474568	R	4.51577
1477010451600000	8.39557	20.7358	-4.74108	-1.34701	8.40631	20.6251	4.84247	3.43695	0.479989	L	2.74752
1477010451650000	8.1593	20.6657	-4.71387	-1.45542	8.17788	20.5447	4.84318	3.46686	0.491059	R	0.115174
1477010451700000	7.92445	20.5903	-4.68453	-1.56237	7.93977	20.4645	4.85208	3.49062	0.489654	L	0.161337
1477010451750000	7.69111	20.5096	-4.65313	-1.66781	7.72276	20.3778	4.84965	3.52491	0.513937	R	3.51099
1477010451800000	7.45939	20.4237	-4.61975	-1.7717	7.44154	20.3172	4.89687	3.53193	0.490498	L	4.0612
1477010451850000	7.22939	20.3326	-4.58448	-1.87399	7.21454	20.2187	4.89811	3.556	0.487997	R	0.235696
1477010451900000	7.00119	20.2364	-4.54738	-1.97462	6.95864	20.1376	4.92395	3.56862	0.473415	L	1.26923
1477010451950000	6.7749	20.1352	-4.50854	-2.07357	6.73601	20.0444	4.91981	3.58567	0.462661	R	0.363785
1477010452000000	6.55059	20.0292	-4.46805	-2.17079	6.48966	19.956	4.93807	3.59779	0.449415	L	0.761866
1477010452050000	6.32834	19.9183	-4.42598	-2.26625	6.27365	19.8609	4.93124	3.61586	0.446456	R	2.62921
1477010452100000	6.10823	19.8027	-4.38241	-2.35993	6.01701	19.7705	4.95883	3.62313	0.428272	L	1.57331
1477010452150000	5.89034	19.6824	-4.33744	-2.45178	5.80173	19.6219	4.97267	3.66714	0.468765	R	2.4014
1477010452200000	5.67472	19.5577	-4.29114	-2.5418	5.60286	19.5037	4.95752	3.68982	0.46875	L	0.658748
1477010452250000	5.46145	19.4284	-4.24359	-2.62995	5.40423	19.353	4.95613	3.72499	0.486146	R	1.66539
1477010452300000	5.25059	19.2948	-4.19488	-2.71622	5.18206	19.2545	4.9575	3.73167	0.466502	L	1.87119
1477010452350000	5.04219	19.157	-4.1451	-2.80059	4.98112	19.1422	4.93878	3.73824	0.437325	R	4.2865
1477010452400000	4.8363	19.015	-4.09432	-2.88305	4.80117	18.992	4.92331	3.76802	0.447055	L	0.46201
1477010452450000	4.63297	18.8689	-4.04263	-2.96359	4.59903	18.8416	4.93314	3.79604	0.460826	R	1.55367
1477010452500000	4.43224	18.7188	-3.99012	-3.0422	4.40965	18.7102	4.92129	3.81284	0.454465	L	0.960746
1477010452550000	4.23416	18.5648	-3.93685	-3.11888	4.21819	18.5685	4.9095	3.82328	0.429849	R	1.35506
1477010452600000	4.03876	18.4071	-3.88293	-3.19362	4.07248	18.4102	4.87587	3.85558	0.443983	L	2.189
1477010452650000	3.84606	18.2457	-3.82841	-3.26644	3.89765	18.2373	4.89098	3.90017	0.493623	R	7.00784
1477010452700000	3.65611	18.0807	-3.77339	-3.33732	3.66199	18.0987	4.92322	3.89886	0.462104	L	2.67564
1477010452750000	3.46891	17.9122	-3.71795	-3.40627	3.48766	17.9468	4.90361	3.90761	0.4339	R	3.31343
1477010452800000	3.28449	17.7402	-3.66215	-3.47331	3.27441	17.782	4.9293	3.91655	0.417803	L	1.28201
1477010452850000	3.10287	17.565	-3.60609	-3.53844	3.10387	17.5985	4.94136	3.95171	0.448528	R	2.53451
1477010452900000	2.92405	17.3866	-3.54982	-3.60167	2.9142	17.4805	4.92434	3.94819	0.419809	L	5.92882
1477010452950000	2.74805	17.2051	-3.49344	-3.66302	2.77878	17.2639	4.93375	4.00393	0.478877	R	3.35507
1477010453000000	2.57486	17.0205	-3.437	-3.72251	2.60513	17.0805	4.94177	4.02154	0.471192	L	0.153381
1477010453050000	2.4045	16.833	-3.38059	-3.78014	2.43492	16.9121	4.92624	4.02188	0.428579	R	1.92092
1477010453100000	2.23695	16.6427	-3.32428	-3.83595	2.26741	16.7396	4.92407	4.03367	0.417576	L	0.485956
1477010453150000	2.07221	16.4497	-3.26812	-3.88995	2.09556	16.545	4.92991	4.04113	0.390602	R	5.11595
1477010453200000	1.91027	16.254	-3.21219	-3.94216	1.94588	16.3169	4.94938	4.07095	0.401474	L	2.44262
1477010453250000	1.75112	16.0557	-3.15656	-3.99261	1.78309	16.1394	4.93821	4.07145	0.368239	R	1.07088
1477010453300000	1.59474	15.8549	-3.10129	-4.04132	1.58312	15.9731	4.95264	4.06243	0.33568	L	1.86836
1477010453350000	1.44111	15.6517	-3.04644	-4.08832	1.46405	15.7431	4.96581	4.10891	0.385311	R	2.13291
1477010453400000	1.29021	15.4463	-2.99207	-4.13364	1.29694	15.5296	4.98872	4.12061	0.375502	L	1.20069
1477010453450000	1.14201	15.2386	-2.93825	-4.1773	1.14291	15.3361	4.98697	4.12726	0.358164	R	0.952143
1477010453500000	0.996486	15.0288	-2.88503	-4.21933	0.94314	15.1257	5.02677	4.12298	0.33063	L	3.41605
1477010453550000	0.853604	14.8169	-2.83246	-4.25977	0.791718	14.9414	5.00928	4.1202	0.297639	R	2.07672
1477010453600000	0.71333	14.603	-2.78061	-4.29864	0.676014	14.7244	5.00177	4.14519	0.309632	L	0.252649
1477010453650000	0.575628	14.3872	-2.72952	-4.33598	0.571447	14.4846	5.01385	4.18637	0.351283	R	1.89648
1477010453700000	0.440459	14.1696	-2.67925	-4.37181	0.401891	14.2679	5.03944	4.18713	0.330825	L	1.46655
1477010453750000	0.307779	13.9502	-2.62984	-4.40617	0.298162	14.0201	5.06439	4.23273	0.384504	R	3.89924
1477010453800000	0.177545	13.7292	-2.58135	-4.43909	0.259296	13.7666	5.04278	4.28655	0.425601	L	2.841
1477010453850000	0.0497099	13.5065	-2.53381	-4.47061	0.166441	13.5261	5.05555	4.32061	0.450468	R	1.3374
1477010453900000	-0.0757753	13.2823	-2.48728	-4.50075	0.00328211	13.3029	5.08268	4.31357	0.414029	L	2.26797
1477010453950000	-0.198962	13.0566	-2.44179	-4.52955	-0.113345	13.0822	5.07493	4.31807	0.387777	R	0.806448
1477010454000000	-0.319903	12.8295	-2.39739	-4.55704	-0.142757	12.847	5.04381	4.36417	0.421459	L	2.44509
1477010454050000	-0.438654	12.6011	-2.35412	-4.58326	-0.264044	12.6206	5.03989	4.35945	0.379165	R	3.71308
1477010454100000	-0.555273	12.3714	-2.31202	-4.60823	-0.383658	12.3863	5.05316	4.36331	0.360199	L	0.547385
1477010454150000	-0.669818	12.1404	-2.27111	-4.63198	-0.512725	12.1754	5.04335	4.35226	0.318236	R	3.80194
1477010454200000	-0.78235	11.9083	-2.23144	-4.65456	-0.598644	11.951	5.03349	4.36655	0.316819	L	0.399752
1477010454250000	-0.892931	11.6751	-2.19304	-4.67598	-0.726127	11.7241	5.03785	4.35793	0.28181	R	2.9024
1477010454300000	-1.00163	11.4409	-2.15594	-4.69628	-0.910355	11.4893	5.07565	4.32956	0.229151	L	4.54926
1477010454350000	-1.1085	11.2057	-2.12017	-4.71549	-1.02334	11.2605	5.06537	4.32073	0.190448	R	2.9628
1477010454400000	-1.21362	10.9695	-2.08575	-4.73364	-1.19477	11.0372	5.08669	4.29651	0.14985	L	2.41691
1477010454450000	-1.31706	10.7324	-2.05273	-4.75075	-1.26993	10.7927	5.09523	4.32685	0.190079	R	1.38388
1477010454500000	-1.41889	10.4945	-2.02111	-4.76686	-1.39551	10.5433	5.11834	4.32575	0.177273	L	1.34608
1477010454550000	-1.51917	10.2559	-1.99093	-4.78198	-1.47308	10.2852	5.13619	4.35346	0.210394	R	1.90117
1477010454600000	-1.61797	10.0165	-1.96221	-4.79615	-1.58159	10.0699	5.12361	4.35206	0.196839	L	1.52846
1477010454650000	-1.71539	9.77637	-1.93498	-4.80939	-1.673	9.83755	5.11602	4.35734	0.188184	R	0.339774
1477010454700000	-1.81147	9.53564	-1.90924	-4.82172	-1.75664	9.61124	5.10326	4.36636	0.187969	L	0.553935
1477010454750000	-1.90631	9.29431	-1.88502	-4.83316	-1.85679	9.36476	5.12079	4.37734	0.199028	R	2.77445
1477010454800000	-1.99998	9.05243	-1.86233	-4.84374	-1.93215	9.07949	5.15322	4.39663	0.20929	L	4.84435
1477010454850000	-2.09256	8.81003	-1.8412	-4.85347	-2.02376	8.85193	5.13826	4.39336	0.185028	R	1.47722
1477010454900000	-2.18412	8.56717	-1.82164	-4.86238	-2.11988	8.60103	5.15044	4.39666	0.177764	L	0.364202
1477010454950000	-2.27474	8.32388	-1.80365	-4.87047	-2.23972	8.35348	5.16838	4.38869	0.157178	R	3.25275
1477010455000000	-2.3645	8.0802	-1.78726	-4.87778	-2.29736	8.11232	5.15603	4.40573	0.168202	L	0.438951
1477010455050000	-2.45348	7.83617	-1.77248	-4.8843	-2.37124	7.89102	5.13223	4.40945	0.159335	R	5.11273
1477010455100000	-2.54177	7.59184	-1.75931	-4.89006	-2.4807	7.64277	5.14798	4.4039	0.143216	L	0.849971
1477010455150000	-2.62944	7.34723	-1.74777	-4.89507	-2.64203	7.41219	5.15755	4.36141	0.0659757	R	5.88415
1477010455200000	-2.71658	7.10238	-1.73786	-4.89933	-2.74407	7.15799	5.17309	4.36062	0.06103	L	0.609292
1477010455250000	-2.80326	6.85734	-1.72958	-4.90286	-2.80969	6.9194	5.16447	4.37873	0.0876074	R	1.4497
1477010455300000	-2.88957	6.61214	-1.72295	-4.90566	-2.86526	6.69758	5.13456	4.3915	0.0972378	L	2.24591
1477010455350000	-2.97559	6.36681	-1.71797	-4.90774	-2.94286	6.46593	5.11517	4.38277	0.0622722	R	4.29796
1477010455400000	-3.0614	6.12139	-1.71464	-4.90911	-3.00098	6.22349	5.10586	4.39536	0.0729901	L	0.542063
1477010455450000	-3.14709	5.87592	-1.71297	-4.90976	-3.11333	5.98092	5.12039	4.38796	0.0633138	R	3.08696
1477010455500000	-3.23274	5.63043	-1.71295	-4.9097	-3.1893	5.7125	5.14031	4.39627	0.069079	L	1.68081
1477010455550000	-3.31843	5.38496	-1.71458	-4.90893	-3.29801	5.46715	5.14701	4.37634	0.0242139	R	2.27254
1477010455600000	-3.40424	5.13955	-1.71787	-4.90745	-3.3899	5.21001	5.16232	4.37657	0.0231697	L	0.641772
1477010455650000	-3.49026	4.89422	-1.72281	-4.90525	-3.45871	4.96247	5.16135	4.38964	0.0446771	R	0.247957
1477010455700000	-3.57657	4.64902	-1.72939	-4.90233	-3.56373	4.69518	5.1909	4.38605	0.0386005	L	2.40233
1477010455750000	-3.66325	4.40398	-1.73763	-4.89868	-3.67186	4.44597	5.1998	4.36625	-0.00539893	R	2.37753
1477010455800000	-3.75039	4.15913	-1.74749	-4.8943	-3.79626	4.18559	5.22938	4.35515	-0.0165502	L	3.17425
1477010455850000	-3.83806	3.91452	-1.75899	-4.88918	-3.88038	3.94268	5.22657	4.36422	0.00612179	R	1.0569
1477010455900000	-3.92635	3.67019	-1.77212	-4.8833	-3.95706	3.70251	5.21639	4.36801	0.00949078	L	0.422012
1477010455950000	-4.01533	3.42616	-1.78686	-4.87666	-4.06559	3.48736	5.19597	4.34749	-0.0297588	R	3.87155
1477010456000000	-4.10509	3.18248	-1.8032	-4.86925	-4.15687	3.24155	5.19828	4.34697	-0.0286621	L	0.0263097
1477010456050000	-4.19571	2.93919	-1.82113	-4.86104	-4.27049	2.9925	5.21225	4.33161	-0.0562827	R	0.901431
1477010456100000	-4.28727	2.69633	-1.84065	-4.85202	-4.35674	2.72452	5.2315	4.33614	-0.0477013	L	1.61384
1477010456150000	-4.37985	2.45393	-1.86173	-4.84218	-4.44503	2.47423	5.23482	4.34075	-0.0345531	R	0.231385
1477010456200000	-4.47352	2.21205	-1.88436	-4.83149	-4.54632	2.21516	5.25198	4.33963	-0.0329069	L	0.970428
1477010456250000	-4.56836	1.97072	-1.90853	-4.81994	-4.6585	1.98132	5.24938	4.31337	-0.089408	R	3.93112
1477010456300000	-4.66444	1.72998	-1.93422	-4.80751	-4.76936	1.71748	5.27439	4.31026	-0.0862784	L	2.14321
1477010456350000	-4.76186	1.48989	-1.9614	-4.79417	-4.89311	1.47272	5.28668	4.29115	-0.117033	R	0.843024
1477010456400000	-4.86066	1.25049	-1.99007	-4.7799	-4.95683	1.22715	5.2706	4.29927	-0.103285	L	4.43469
1477010456450000	-4.96095	1.01182	-2.02019	-4.76468	-5.05654	0.999386	5.25433	4.29696	-0.0954594	R	0.817441
1477010456500000	-5.06277	0.77393	-2.05174	-4.74848	-5.12139	0.756183	5.23841	4.30485	-0.0828199	L	3.85254
1477010456550000	-5.16621	0.536876	-2.08471	-4.73127	-5.2107	0.47645	5.27124	4.30822	-0.0806753	R	5.56493
1477010456600000	-5.27133	0.300706	-2.11906	-4.71303	-5.28743	0.229768	5.26355	4.31314	-0.0711614	L	1.42777
1477010456650000	-5.3782	0.0654719	-2.15477	-4.69374	-5.39787	-0.00786435	5.25983	4.31643	-0.0466632	R	5.95476
1477010456700000	-5.4869	-0.168772	-2.1918	-4.67335	-5.47058	-0.254089	5.25095	4.32352	-0.0364208	L	1.58507
1477010456750000	-5.59748	-0.401971	-2.23014	-4.65185	-5.5942	-0.454547	5.22076	4.30279	-0.063907	R	3.97274
1477010456800000	-5.71001	-0.634069	-2.26974	-4.62919	-5.73408	-0.652502	5.19582	4.27952	-0.0887275	L	3.10123
1477010456850000	-5.82456	-0.865006	-2.31058	-4.60536	-5.84881	-0.878924	5.19478	4.25834	-0.129792	R	5.33004
1477010456900000	-5.94118	-1.09472	-2.35262	-4.58032	-5.9424	-1.13756	5.21078	4.26438	-0.114019	L	1.15551
1477010456950000	-6.05993	-1.32316	-2.39581	-4.55404	-6.02916	-1.39783	5.22472	4.27294	-0.0966735	R	2.67144
1477010457000000	-6.18087	-1.55025	-2.44014	-4.52648	-6.16861	-1.60986	5.21335	4.25348	-0.114957	L	1.16539
1477010457050000	-6.30406	-1.77593	-2.48555	-4.49762	-6.31201	-1.83568	5.228	4.21933	-0.177064	R	4.17731
1477010457100000	-6.42954	-2.00014	-2.532	-4.46742	-6.41656	-2.08057	5.23418	4.22081	-0.164088	L	0.507361
1477010457150000	-6.55738	-2.22281	-2.57946	-4.43585	-6.56917	-2.28795	5.22368	4.19897	-0.179217	R	3.03004
1477010457200000	-6.68761	-2.44386	-2.62788	-4.40288	-6.7186	-2.49911	5.2177	4.17929	-0.192798	L	0.475378
1477010457250000	-6.82029	-2.66323	-2.6772	-4.36847	-6.87494	-2.7106	5.21779	4.15667	-0.212334	R	1.12541
1477010457300000	-6.95546	-2.88084	-2.7274	-4.3326	-6.96539	-2.97084	5.2329	4.17276	-0.178162	L	2.5447
1477010457350000	-7.09316	-3.09663	-2.7784	-4.29523	-7.09479	-3.19638	5.22881	4.16977	-0.165637	R	0.224493
1477010457400000	-7.23344	-3.3105	-2.83017	-4.25632	-7.22033	-3.40084	5.20802	4.15974	-0.168672	L	1.42334
1477010457450000	-7.37632	-3.5224	-2.88265	-4.21586	-7.36547	-3.63975	5.22658	4.1542	-0.163629	R	4.42315
1477010457500000	-7.52184	-3.73223	-2.93579	-4.1738	-7.52717	-3.79814	5.18268	4.12084	-0.196916	L	5.07535
1477010457550000	-7.67004	-3.93992	-2.98953	-4.13012	-7.67168	-4.00777	5.18029	4.10846	-0.202518	R	0.488977
1477010457600000	-7.82094	-4.14538	-3.04381	-4.08479	-7.82568	-4.22948	5.19092	4.09898	-0.201362	L	0.384601
1477010457650000	-7.97457	-4.34854	-3.09857	-4.03778	-7.97626	-4.44611	5.19439	4.0912	-0.197106	R	0.35869
1477010457700000	-8.13095	-4.5493	-3.15376	-3.98906	-8.13618	-4.67517	5.2134	4.08409	-0.193068	L	1.15614
1477010457750000	-8.2901	-4.74759	-3.2093	-3.93862	-8.27548	-4.88823	5.19604	4.08945	-0.161373	R	2.6413
1477010457800000	-8.45204	-4.94331	-3.26514	-3.88641	-8.40854	-5.10747	5.19421	4.09069	-0.149602	L	0.29857
1477010457850000	-8.61678	-5.13637	-3.32121	-3.83242	-8.55479	-5.29269	5.16062	4.08527	-0.136986	R	4.58095
1477010457900000	-8.78433	-5.32669	-3.37745	-3.77663	-8.74786	-5.48609	5.16888	4.05968	-0.160538	L	1.5668
1477010457950000	-8.95469	-5.51417	-3.43377	-3.71901	-8.90507	-5.68862	5.16237	4.05412	-0.15342	R	0.495509
1477010458000000	-9.12788	-5.69872	-3.49012	-3.65955	-9.06545	-5.87655	5.15154	4.0412	-0.160229	L	0.334684
1477010458050000	-9.30388	-5.88026	-3.54643	-3.59823	-9.20323	-6.05464	5.11075	4.0411	-0.141637	R	7.57023
1477010458100000	-9.4827	-6.05868	-3.60261	-3.53503	-9.39163	-6.16989	5.06231	3.99861	-0.187085	L	6.82231
1477010458150000	-9.66432	-6.23389	-3.6586	-3.46994	-9.56345	-6.35783	5.05852	3.98884	-0.184566	R	0.948983
1477010458200000	-9.84874	-6.4058	-3.71431	-3.40295	-9.70785	-6.55947	5.05578	3.99194	-0.1691	L	0.388274
1477010458250000	-10.0359	-6.57431	-3.76969	-3.33404	-9.92736	-6.71711	5.06584	3.95302	-0.210539	R	6.47824
1477010458300000	-10.2259	-6.73933	-3.82463	-3.26321	-10.1348	-6.87303	5.06432	3.9228	-0.235316	L	0.601214
1477010458350000	-10.4186	-6.90075	-3.87907	-3.19046	-10.3182	-7.0372	5.05912	3.90516	-0.243907	R	1.20195
1477010458400000	-10.614	-7.05849	-3.93293	-3.11577	-10.548	-7.20216	5.07933	3.87434	-0.266634	L	2.78976
1477010458450000	-10.8121	-7.21245	-3.98613	-3.03916	-10.7534	-7.34574	5.07334	3.84684	-0.285294	R	2.1199
1477010458500000	-11.0128	-7.36252	-4.03859	-2.96062	-10.9981	-7.49368	5.0936	3.81066	-0.31195	L	2.93827
1477010458550000	-11.2161	-7.50862	-4.09021	-2.88015	-11.1892	-7.63871	5.0752	3.79494	-0.311753	R	1.55895
1477010458600000	-11.422	-7.65064	-4.14093	-2.79777	-11.3428	-7.79574	5.04763	3.7965	-0.29164	L	3.89915
1477010458650000	-11.6304	-7.78849	-4.19066	-2.71349	-11.5412	-7.92688	5.02886	3.77549	-0.299809	R	2.31949
1477010458700000	-11.8413	-7.92208	-4.23932	-2.6273	-11.7285	-8.03381	4.99469	3.75032	-0.314316	L	4.33327
1477010458750000	-12.0546	-8.05131	-4.28682	-2.53924	-11.9293	-8.15267	4.96318	3.72825	-0.32244	R	3.05124
1477010458800000	-12.2702	-8.17609	-4.33309	-2.44932	-12.1497	-8.24091	4.94563	3.69	-0.35097	L	1.47933
1477010458850000	-12.4881	-8.29633	-4.37802	-2.35756	-12.3713	-8.363	4.96094	3.66834	-0.35494	R	2.01462
1477010458900000	-12.7082	-8.41193	-4.42156	-2.26399	-12.5799	-8.44261	4.93402	3.63517	-0.37572	L	2.97026
1477010458950000	-12.9304	-8.5228	-4.4636	-2.16863	-12.7957	-8.52857	4.90535	3.60328	-0.395637	R	2.77565
1477010459000000	-13.1547	-8.62886	-4.50407	-2.07151	-13.0657	-8.60889	4.92933	3.55954	-0.423617	L	2.77437
1477010459050000	-13.381	-8.73002	-4.54289	-1.97267	-13.3095	-8.70328	4.94664	3.53407	-0.426091	R	2.18241
1477010459100000	-13.6092	-8.82619	-4.57997	-1.87214	-13.5339	-8.7488	4.92334	3.49389	-0.451102	L	2.71617
1477010459150000	-13.8392	-8.91729	-4.61524	-1.76997	-13.7647	-8.78426	4.89109	3.44565	-0.49137	R	4.71527
1477010459200000	-14.0709	-9.00324	-4.64861	-1.6662	-13.9847	-8.8948	4.89493	3.44183	-0.465658	L	0.599641
1477010459250000	-14.3043	-9.08395	-4.68001	-1.56086	-14.2262	-8.98326	4.91876	3.43155	-0.440871	R	2.42304
1477010459300000	-14.5391	-9.15936	-4.70936	-1.45402	-14.4442	-9.09423	4.91768	3.43239	-0.413149	L	0.592981
1477010459350000	-14.7754	-9.22939	-4.73658	-1.34573	-14.6768	-9.16121	4.91145	3.41025	-0.417424	R	0.291669
1477010459400000	-15.013	-9.29397	-4.76161	-1.23603	-14.9524	-9.1573	4.92561	3.35272	-0.460644	L	1.62798
1477010459450000	-15.2517	-9.35302	-4.78436	-1.125	-15.2044	-9.23006	4.94228	3.34016	-0.445178	R	4.24014
1477010459500000	-15.4916	-9.40649	-4.80476	-1.01269	-15.4566	-9.34589	4.96618	3.34865	-0.40604	L	4.95453
1477010459550000	-15.7324	-9.45431	-4.82275	-0.899159	-15.7047	-9.37202	4.95714	3.31122	-0.435185	R	1.81783
1477010459600000	-15.9741	-9.49642	-4.83827	-0.784484	-15.9549	-9.45757	4.97068	3.31019	-0.409109	L	1.96982
1477010459650000	-16.2164	-9.53277	-4.85124	-0.668734	-16.2087	-9.46402	4.96787	3.26964	-0.438645	R	2.22372
1477010459700000	-16.4594	-9.5633	-4.8616	-0.55198	-16.4589	-9.45775	4.96638	3.23106	-0.458706	L	0.528145
1477010459750000	-16.7027	-9.58797	-4.8693	-0.434301	-16.6881	-9.45033	4.94321	3.1931	-0.48422	R	5.3793
1477010459800000	-16.9464	-9.60673	-4.87427	-0.315773	-16.9608	-9.44	4.96443	3.15772	-0.495555	L	1.22154
1477010459850000	-17.1903	-9.61954	-4.87646	-0.196479	-17.209	-9.50186	4.97297	3.16643	-0.447966	R	7.90525
1477010459900000	-17.4342	-9.62636	-4.87583	-0.0765024	-17.4651	-9.52135	4.98069	3.15101	-0.43905	L	0.47553
1477010459950000	-17.6781	-9.62717	-4.87232	0.0440703	-17.722	-9.51016	4.9844	3.11968	-0.455248	R	1.63853
1477010460000000	-17.9216	-9.62194	-4.86588	0.165151	-17.9747	-9.47821	4.98784	3.08611	-0.467613	L	0.193317
1477010460050000	-18.1648	-9.61064	-4.85648	0.286648	-18.2216	-9.43741	4.98312	3.04618	-0.495113	R	0.689442
1477010460100000	-18.4074	-9.59325	-4.84408	0.40847	-18.4364	-9.47718	4.9514	3.05143	-0.463193	L	2.54837
1477010460150000	-18.6493	-9.56977	-4.82864	0.530522	-18.6748	-9.46185	4.94684	3.03719	-0.447032	R	1.73387
1477010460200000	-18.8904	-9.54017	-4.81012	0.652707	-18.9216	-9.45606	4.9463	3.02494	-0.435348	L	0.266968
1477010460250000	-19.1305	-9.50447	-4.78851	0.774927	-19.1546	-9.41474	4.93873	3.00208	-0.432456	R	4.0507
1477010460300000	-19.3694	-9.46265	-4.76378	0.897083	-19.3942	-9.30016	4.9441	2.94626	-0.471578	L	2.92638
1477010460350000	-19.6069	-9.41472	-4.73591	1.01907	-19.6301	-9.21979	4.93992	2.90253	-0.504929	R	1.13548
1477010460400000	-19.8431	-9.36071	-4.70487	1.1408	-19.8739	-9.10326	4.95319	2.8538	-0.530652	L	1.19992
1477010460450000	-20.0775	-9.30061	-4.67066	1.26215	-20.1089	-9.00372	4.9575	2.8171	-0.540342	R	4.93846
1477010460500000	-20.3102	-9.23446	-4.63328	1.38303	-20.3103	-9.10978	4.88902	2.86626	-0.461163	L	15.8146
1477010460550000	-20.5409	-9.16227	-4.59271	1.50334	-20.5504	-9.06282	4.89001	2.8556	-0.443331	R	1.52275
1477010460600000	-20.7696	-9.08409	-4.54895	1.62296	-20.7696	-8.97203	4.88249	2.82409	-0.454658	L	0.799946
1477010460650000	-20.9959	-8.99994	-4.50202	1.74179	-21.0098	-8.88855	4.89074	2.79747	-0.462477	R	2.23461
1477010460700000	-21.2198	-8.90987	-4.45191	1.85972	-21.2116	-8.81751	4.86367	2.77703	-0.461981	L	1.94121
1477010460750000	-21.4412	-8.81393	-4.39865	1.97666	-21.4444	-8.72485	4.86904	2.74887	-0.473681	R	1.74759
1477010460800000	-21.6597	-8.71217	-4.34224	2.0925	-21.6471	-8.69313	4.83088	2.74806	-0.451412	L	2.98757
1477010460850000	-21.8754	-8.60465	-4.2827	2.20712	-21.8427	-8.53543	4.82461	2.67887	-0.530751	R	6.74914
1477010460900000	-22.0881	-8.49143	-4.22007	2.32043	-22.0476	-8.46241	4.80346	2.66564	-0.517727	L	0.938709
1477010460950000	-22.2975	-8.37258	-4.15437	2.43232	-22.2581	-8.34772	4.80458	2.64485	-0.503155	R	1.87597
1477010461000000	-22.5035	-8.24817	-4.08564	2.5427	-22.4827	-8.26196	4.80437	2.63403	-0.487208	L	1.01645
1477010461050000	-22.7061	-8.11829	-4.01391	2.65145	-22.678	-8.13363	4.79663	2.59889	-0.507378	R	1.18916
1477010461100000	-22.9049	-7.98301	-3.93923	2.75848	-22.8919	-7.92593	4.83987	2.54534	-0.534549	L	4.21089
1477010461150000	-23.1	-7.84243	-3.86163	2.8637	-23.083	-7.77183	4.83946	2.49643	-0.581394	R	3.49672
1477010461200000	-23.2911	-7.69663	-3.78118	2.967	-23.2992	-7.61234	4.86414	2.46842	-0.577744	L	1.73602
1477010461250000	-23.4781	-7.54572	-3.69792	3.06828	-23.4984	-7.47356	4.86593	2.46002	-0.536109	R	1.76222
1477010461300000	-23.6609	-7.3898	-3.61191	3.16746	-23.6671	-7.32558	4.84861	2.43187	-0.539384	L	0.877042
1477010461350000	-23.8393	-7.22897	-3.52321	3.26445	-23.8563	-7.16767	4.8532	2.41205	-0.524133	R	0.874269
1477010461400000	-24.0132	-7.06336	-3.43189	3.35916	-24.0266	-7.05971	4.81644	2.40164	-0.51104	L	2.69493
1477010461450000	-24.1825	-6.89307	-3.33801	3.45149	-24.1929	-6.87669	4.82017	2.36331	-0.531805	R	1.86398
1477010461500000	-24.347	-6.71823	-3.24166	3.54138	-24.343	-6.64447	4.84264	2.31364	-0.554287	L	2.9112
1477010461550000	-24.5066	-6.53896	-3.14289	3.62873	-24.5098	-6.46785	4.84426	2.28095	-0.571236	R	3.42629
1477010461600000	-24.6612	-6.35538	-3.0418	3.71347	-24.6186	-6.30776	4.79791	2.24762	-0.581186	L	6.04678
1477010461650000	-24.8107	-6.16764	-2.93846	3.79553	-24.7597	-6.11492	4.79638	2.21604	-0.583701	R	0.342487
1477010461700000	-24.955	-5.97587	-2.83295	3.87484	-24.9348	-5.92593	4.8144	2.19737	-0.570616	L	2.29896
1477010461750000	-25.094	-5.7802	-2.72537	3.95132	-25.0652	-5.72109	4.81481	2.1671	-0.568349	R	1.87045
1477010461800000	-25.2276	-5.58079	-2.61581	4.02492	-25.1995	-5.54462	4.79921	2.14532	-0.563008	L	0.545166
1477010461850000	-25.3556	-5.37777	-2.50435	4.09557	-25.3526	-5.35839	4.80084	2.1397	-0.521527	R	1.31499
1477010461900000	-25.4779	-5.1713	-2.39109	4.16322	-25.4912	-5.14643	4.8134	2.11533	-0.518438	L	0.429539
1477010461950000	-25.5946	-4.96152	-2.27613	4.22781	-25.6253	-4.96216	4.80185	2.11124	-0.475601	R	6.54949
1477010462000000	-25.7055	-4.7486	-2.15956	4.2893	-25.7419	-4.78146	4.77988	2.09184	-0.473088	L	0.869514
1477010462050000	-25.8105	-4.53268	-2.04149	4.34764	-25.8625	-4.57479	4.7803	2.07407	-0.460065	R	0.224136
1477010462100000	-25.9096	-4.31392	-1.92202	4.40279	-25.9697	-4.34546	4.79195	2.04553	-0.464896	L	0.361381
1477010462150000	-26.0027	-4.0925	-1.80125	4.45471	-26.0777	-4.12659	4.79776	2.00189	-0.517936	R	10.9683
1477010462200000	-26.0897	-3.86856	-1.67928	4.50337	-26.1621	-3.86397	4.8261	1.9636	-0.528642	L	2.01494
1477010462250000	-26.1706	-3.64227	-1.55623	4.54875	-26.2353	-3.6305	4.82901	1.91247	-0.583143	R	3.52967
1477010462300000	-26.2453	-3.41381	-1.4322	4.59081	-26.2625	-3.36793	4.83539	1.86103	-0.606006	L	4.54661
1477010462350000	-26.3138	-3.18332	-1.30729	4.62954	-26.3115	-3.1275	4.83715	1.81531	-0.636098	R	0.527891
1477010462400000	-26.376	-2.95098	-1.18162	4.66493	-26.3368	-2.88637	4.83092	1.77276	-0.647928	L	1.39388
1477010462450000	-26.4319	-2.71697	-1.05529	4.69696	-26.3955	-2.6585	4.82687	1.75027	-0.631682	R	1.37758
1477010462500000	-26.4815	-2.48143	-0.928411	4.72562	-26.4763	-2.47845	4.79096	1.73973	-0.613711	L	5.77775
1477010462550000	-26.5247	-2.24456	-0.80109	4.75091	-26.5316	-2.24324	4.79313	1.72381	-0.584722	R	0.982691
1477010462600000	-26.5616	-2.0065	-0.673434	4.77284	-26.583	-2.03545	4.77268	1.70377	-0.577326	L	1.42527
1477010462650000	-26.5921	-1.76744	-0.545553	4.79141	-26.6141	-1.79696	4.77241	1.68475	-0.552198	R	1.99331
1477010462700000	-26.6161	-1.52753	-0.417552	4.80664	-26.611	-1.55325	4.77176	1.64707	-0.562728	L	1.11815
1477010462750000	-26.6338	-1.28695	-0.289538	4.81852	-26.6081	-1.31826	4.76784	1.60451	-0.5919	R	1.7366
1477010462800000	-26.6451	-1.04586	-0.161616	4.8271	-26.6111	-1.09023	4.75846	1.57495	-0.592759	L	0.152869
1477010462850000	-26.65	-0.804425	-0.0338883	4.83238	-26.6406	-0.860227	4.75574	1.56022	-0.572588	R	5.20026
1477010462900000	-26.6485	-0.562811	0.0935412	4.83439	-26.6504	-0.618856	4.76142	1.53715	-0.566264	L	0.409683
1477010462950000	-26.6406	-0.321181	0.220572	4.83317	-26.6373	-0.378677	4.76657	1.49916	-0.590891	R	2.17823
1477010463000000	-26.6264	-0.0796947	0.347104	4.82874	-26.5904	-0.108113	4.79435	1.45952	-0.598896	L	2.47818
1477010463050000	-26.6059	0.161489	0.473041	4.82116	-26.571	0.129327	4.79617	1.43027	-0.603458	R	1.74519
1477010463100000	-26.5792	0.402213	0.598287	4.81045	-26.5472	0.399822	4.82766	1.40519	-0.595282	L	1.92109
1477010463150000	-26.5462	0.642323	0.722748	4.79667	-26.5351	0.636933	4.8243	1.39653	-0.557343	R	1.74941
1477010463200000	-26.5069	0.881666	0.846334	4.77986	-26.5281	0.904206	4.85226	1.3833	-0.539617	L	3.44195
1477010463250000	-26.4616	1.12009	0.968955	4.76007	-26.4907	1.15383	4.85713	1.37651	-0.491697	R	7.29871
1477010463300000	-26.4101	1.35745	1.09053	4.73737	-26.4343	1.39624	4.86184	1.34975	-0.493583	L	0.102317
1477010463350000	-26.3526	1.59361	1.21096	4.71181	-26.3953	1.62131	4.8478	1.33792	-0.469236	R	8.05159
1477010463400000	-26.2891	1.82841	1.33018	4.68345	-26.34	1.84617	4.83822	1.31509	-0.469275	L	0.168575
1477010463450000	-26.2197	2.06173	1.44811	4.65235	-26.2721	2.07664	4.83742	1.28655	-0.480437	R	0.222129
1477010463500000	-26.1444	2.29342	1.56467	4.61859	-26.2085	2.28802	4.81852	1.26366	-0.480536	L	0.654298
1477010463550000	-26.0633	2.52336	1.67979	4.58223	-26.1458	2.51858	4.8151	1.2534	-0.45119	R	0.771611
1477010463600000	-25.9765	2.75141	1.79339	4.54334	-26.0679	2.75624	4.82417	1.23158	-0.449839	L	0.137645
1477010463650000	-25.8841	2.97746	1.90543	4.502	-25.9729	2.97748	4.82717	1.18939	-0.495143	R	2.92326
1477010463700000	-25.7861	3.20139	2.01582	4.45828	-25.8749	3.23619	4.86063	1.16622	-0.491388	L	1.87867
1477010463750000	-25.6826	3.42306	2.12452	4.41227	-25.7925	3.46264	4.86177	1.14637	-0.488532	R	2.15373
1477010463800000	-25.5737	3.64239	2.23146	4.36404	-25.6857	3.67462	4.85539	1.11963	-0.491368	L	0.103468
1477010463850000	-25.4596	3.85924	2.3366	4.31367	-25.5687	3.88386	4.85173	1.08853	-0.502868	R	1.09058
1477010463900000	-25.3402	4.07353	2.43989	4.26125	-25.4982	4.08387	4.8281	1.07674	-0.490348	L	3.66354
1477010463950000	-25.2157	4.28514	2.54127	4.20686	-25.3744	4.28897	4.82553	1.04769	-0.497615	R	0.610856
1477010464000000	-25.0863	4.49399	2.64071	4.15058	-25.2166	4.49907	4.83846	1.01159	-0.50863	L	2.03496
1477010464050000	-24.9518	4.69998	2.73817	4.09251	-25.0659	4.69731	4.83624	0.987804	-0.4921	R	8.9445
1477010464100000	-24.8126	4.90303	2.83361	4.03273	-24.9463	4.89663	4.83013	0.968278	-0.487121	L	0.430392
1477010464150000	-24.6686	5.10304	2.92701	3.97132	-24.7902	5.08817	4.83103	0.938434	-0.491203	R	2.31091
1477010464200000	-24.5201	5.29995	3.01833	3.90839	-24.625	5.29179	4.8476	0.909379	-0.494866	L	0.952371
1477010464250000	-24.367	5.49367	3.10754	3.84401	-24.4536	5.46798	4.85044	0.865255	-0.532273	R	0.958387
1477010464300000	-24.2095	5.68414	3.19464	3.77827	-24.267	5.64075	4.85397	0.828272	-0.543086	L	1.24671
1477010464350000	-24.0477	5.8713	3.27959	3.71127	-24.1002	5.80543	4.84852	0.792087	-0.563522	R	3.1802
1477010464400000	-23.8818	6.05508	3.36239	3.64309	-23.9253	5.96944	4.84485	0.761853	-0.56601	L	0.041657
1477010464450000	-23.7117	6.23542	3.44302	3.57383	-23.7797	6.16165	4.83572	0.772643	-0.487075	R	4.77917
1477010464500000	-23.5377	6.41227	3.52148	3.50357	-23.6101	6.3219	4.82818	0.748328	-0.487615	L	0.120797
1477010464550000	-23.3598	6.58559	3.59775	3.4324	-23.4593	6.50284	4.82145	0.746927	-0.446943	R	1.88324
1477010464600000	-23.1781	6.75533	3.67185	3.36041	-23.2456	6.69791	4.8649	0.723385	-0.445151	L	4.2745
1477010464650000	-22.9928	6.92146	3.74376	3.28768	-23.0488	6.84337	4.85939	0.698712	-0.440545	R	5.53073
1477010464700000	-22.804	7.08393	3.8135	3.21431	-22.8396	7.00763	4.87895	0.673551	-0.44266	L	1.17344
1477010464750000	-22.6117	7.24273	3.88106	3.14038	-22.6283	7.1406	4.88131	0.636741	-0.466131	R	1.54364
1477010464800000	-22.4161	7.39782	3.94647	3.06598	-22.4418	7.29093	4.87976	0.618519	-0.460741	L	0.264178
1477010464850000	-22.2173	7.54917	4.00974	2.99118	-22.2163	7.40873	4.89199	0.566549	-0.517392	R	2.70659
1477010464900000	-22.0154	7.69679	4.07087	2.91607	-22.0362	7.57212	4.89728	0.557898	-0.498415	L	2.17077
1477010464950000	-21.8105	7.84064	4.12989	2.84074	-21.8533	7.73958	4.89669	0.564912	-0.442613	R	5.81361
1477010465000000	-21.6026	7.98072	4.18681	2.76526	-21.6465	7.88326	4.90523	0.547756	-0.436638	L	0.180968
1477010465050000	-21.392	8.11703	4.24166	2.68971	-21.454	8.02082	4.89733	0.538644	-0.415789	R	1.55481
1477010465100000	-21.1787	8.24957	4.29447	2.61417	-21.2177	8.07619	4.87361	0.490503	-0.44704	L	4.30755
1477010465150000	-20.9628	8.37833	4.34526	2.53871	-21.0251	8.23552	4.8705	0.508326	-0.372178	R	6.4966
1477010465200000	-20.7444	8.50333	4.39406	2.46341	-20.8451	8.38869	4.86778	0.509032	-0.35107	L	3.06018
1477010465250000	-20.5237	8.62457	4.4409	2.38835	-20.6081	8.49247	4.88378	0.472461	-0.386337	R	4.38472
1477010465300000	-20.3006	8.74206	4.48582	2.31358	-20.367	8.61872	4.90988	0.454305	-0.383826	L	1.5292
1477010465350000	-20.0753	8.85583	4.52884	2.23919	-20.1659	8.75431	4.90167	0.463248	-0.331841	R	1.8246
1477010465400000	-19.848	8.96589	4.57001	2.16524	-19.9614	8.86401	4.89134	0.450354	-0.328235	L	0.531855
1477010465450000	-19.6186	9.07227	4.60937	2.09179	-19.7579	8.99145	4.88239	0.457263	-0.284313	R	1.4714
1477010465500000	-19.3873	9.17499	4.64694	2.01891	-19.5307	9.0686	4.87334	0.431607	-0.297155	L	0.696862
1477010465550000	-19.1542	9.27409	4.68278	1.94666	-19.2947	9.17094	4.88778	0.410732	-0.309636	R	4.36659
1477010465600000	-18.9193	9.36959	4.71692	1.8751	-19.0189	9.24866	4.91831	0.379737	-0.325572	L	6.10761
1477010465650000	-18.6827	9.46154	4.7494	1.80429	-18.7988	9.33601	4.91163	0.362604	-0.329429	R	1.63714
1477010465700000	-18.4446	9.54996	4.78028	1.73429	-18.5501	9.43134	4.93096	0.346622	-0.32821	L	0.887097
1477010465750000	-18.2049	9.63492	4.80959	1.66514	-18.2879	9.45661	4.94022	0.287827	-0.400716	R	6.01173
1477010465800000	-17.9639	9.71643	4.83737	1.59691	-18.0148	9.56922	4.9885	0.278659	-0.386812	L	4.35358
1477010465850000	-17.7214	9.79457	4.86368	1.52964	-17.773	9.65484	4.9905	0.276447	-0.352135	R	2.92308
1477010465900000	-17.4777	9.86936	4.88856	1.46338	-17.5078	9.75777	5.0257	0.269232	-0.339032	L	2.25812
1477010465950000	-17.2328	9.94087	4.91205	1.39818	-17.2646	9.82691	5.02939	0.251851	-0.342407	R	0.573526
1477010466000000	-16.9868	10.0091	4.93421	1.33408	-17.0022	9.94716	5.0674	0.254975	-0.318294	L	2.94314
1477010466050000	-16.7396	10.0743	4.95507	1.27113	-16.7524	10.006	5.07079	0.236027	-0.323536	R	0.177106
1477010466100000	-16.4915	10.1362	4.97469	1.20937	-16.5049	10.1196	5.09151	0.241138	-0.299176	L	2.0757
1477010466150000	-16.2424	10.1952	4.99311	1.14883	-16.2542	10.1786	5.09698	0.221921	-0.309739	R	0.761259
1477010466200000	-15.9924	10.2511	5.01039	1.08956	-16.006	10.2217	5.09277	0.202287	-0.314452	L	0.0804944
1477010466250000	-15.7416	10.3041	5.02655	1.03159	-15.7599	10.284	5.09113	0.196113	-0.297517	R	0.23612
1477010466300000	-15.4899	10.3543	5.04166	0.974957	-15.5195	10.2986	5.07266	0.169544	-0.311029	L	0.813553
1477010466350000	-15.2376	10.4016	5.05576	0.919692	-15.2389	10.3064	5.09985	0.12338	-0.367398	R	8.61571
1477010466400000	-14.9846	10.4462	5.06889	0.865828	-14.9773	10.3676	5.11635	0.116661	-0.353887	L	0.725257
1477010466450000	-14.7309	10.4882	5.0811	0.813394	-14.7278	10.4083	5.10319	0.121034	-0.30414	R	6.26408
1477010466500000	-14.4766	10.5276	5.09243	0.762418	-14.4699	10.3886	5.09467	0.0866029	-0.326003	L	1.77134
1477010466550000	-14.2218	10.5645	5.10293	0.712926	-14.2108	10.4134	5.09858	0.0743244	-0.317514	R	0.717503
1477010466600000	-13.9665	10.5989	5.11263	0.664944	-13.9262	10.5514	5.15316	0.104475	-0.26348	L	9.55474
1477010466650000	-13.7107	10.631	5.12159	0.618496	-13.671	10.6135	5.15069	0.119763	-0.210531	R	2.22029
1477010466700000	-13.4545	10.6608	