time_stamp	px_ground_truth	py_ground_truth	vx_ground_truth	vy_ground_truth	px	py	v	yaw	yaw_rate	sensor_type	NIS
11477010443000000	0.359997	0.600041	-4.80025	0.0016588	0.201778	0.385989	0	0	0	R	0
11477010443050000	0.119984	0.600207	-4.80057	0.00497648	0.218589	0.679541	0.000838558	-2.1169e-17	-2.60209e-17	L	0.0883998
11477010443100000	-0.120044	0.600581	-4.801	0.00995308	-0.0989851	0.761073	0.95498	0.00286071	0.000387262	R	11.7778
11477010443150000	-0.360093	0.601244	-4.80155	0.0165887	-0.133162	0.648791	0.721445	-0.108113	-0.01531	L	2.6549
11477010443200000	-0.60017	0.602281	-4.80221	0.0248832	-0.554306	0.715592	-2.24483	4.57095	1.05353	R	65.3124
11477010443250000	-0.840279	0.603774	-4.80296	0.0348368	-0.591762	0.725071	-1.91963	5.18304	1.19077	L	8.6474
11477010443300000	-1.08042	0.605806	-4.8038	0.0464493	-1.05517	0.814829	-2.7088	7.58471	2.00145	R	37.2645
11477010443350000	-1.32061	0.608459	-4.80472	0.0597206	-1.08293	0.679182	-2.72018	7.66067	1.96156	L	1.44123
11477010443400000	-1.56084	0.611818	-4.8057	0.0746505	-1.29947	0.539528	-2.30168	6.0396	-0.399388	R	30.6584
11477010443450000	-1.80112	0.615965	-4.80673	0.0912385	-1.41425	0.573591	-2.31758	6.00694	-0.451533	L	0.270333
11477010443500000	-2.04145	0.620982	-4.80778	0.109484	-1.65345	0.608136	-3.27055	5.93275	-0.725057	R	33.9767
11477010443550000	-2.28182	0.626953	-4.80884	0.129387	-1.83746	0.691283	-3.4112	5.85729	-0.838859	L	10.0648
11477010443600000	-2.52225	0.63396	-4.80989	0.150946	-2.10767	0.557756	-3.74805	6.37275	0.964167	R	28.7446
11477010443650000	-2.76273	0.642086	-4.81089	0.174159	-2.33609	0.605782	-3.90224	6.30596	0.625305	L	11.6562
11477010443700000	-3.00325	0.651414	-4.81184	0.199026	-2.6016	0.662136	-4.13807	6.21624	0.189508	R	18.8842
11477010443750000	-3.24381	0.662026	-4.8127	0.225545	-2.86171	0.719051	-4.27413	6.17977	0.0834027	L	11.4705
11477010443800000	-3.48441	0.674004	-4.81344	0.253712	-3.1275	0.663583	-4.39496	6.29626	0.359726	R	6.01833
11477010443850000	-3.72504	0.687432	-4.81403	0.283526	-3.40182	0.584149	-4.4977	6.42559	0.646146	L	8.82909
11477010443900000	-3.9657	0.702391	-4.81445	0.314984	-3.64953	0.668849	-4.55631	6.29571	0.217859	R	4.71842
11477010443950000	-4.20636	0.718963	-4.81465	0.348081	-3.95496	0.594003	-4.69104	6.39776	0.427806	L	13.3544
11477010444000000	-4.44703	0.73723	-4.81461	0.382812	-4.20842	0.595042	-4.72961	6.38029	0.32932	R	1.63133
11477010444050000	-4.68769	0.757274	-4.81428	0.419174	-4.47839	0.659529	-4.77238	6.31551	0.16785	L	6.17291
11477010444100000	-4.92832	0.779176	-4.81363	0.45716	-4.71522	0.744693	-4.7692	6.23326	-0.0141373	R	4.11437
11477010444150000	-5.1689	0.803017	-4.81263	0.496763	-5.00075	0.738001	-4.83367	6.25295	0.0255377	L	4.33036
11477010444200000	-5.40943	0.828877	-4.81122	0.537976	-5.27125	0.707264	-4.88144	6.28406	0.075307	R	2.80357
11477010444250000	-5.64986	0.856837	-4.80937	0.580791	-5.51589	0.818887	-4.87757	6.20113	-0.0710158	L	3.6791
11477010444300000	-5.8902	0.886977	-4.80703	0.625197	-5.75704	0.922266	-4.86628	6.13748	-0.167366	R	7.54788
11477010444350000	-6.1304	0.919375	-4.80415	0.671184	-5.98232	0.936914	-4.85037	6.14309	-0.146079	L	0.665633
11477010444400000	-6.37044	0.954111	-4.8007	0.718741	-6.23098	0.971817	-4.87279	6.13603	-0.145481	R	3.6823
11477010444450000	-6.61028	0.991262	-4.79662	0.767854	-6.51392	0.960116	-4.91351	6.16393	-0.0926954	L	3.41265
11477010444500000	-6.84991	1.03091	-4.79187	0.818509	-6.75802	0.987941	-4.91836	6.16023	-0.0916728	R	0.499545
11477010444550000	-7.08928	1.07312	-4.78638	0.87069	-7.01043	1.08664	-4.93199	6.11486	-0.147778	L	1.87234
11477010444600000	-7.32835	1.11798	-4.78012	0.92438	-7.26703	1.07545	-4.93881	6.14023	-0.103146	R	2.41206
11477010444650000	-7.56709	1.16556	-4.77304	0.979561	-7.5168	1.12256	-4.9454	6.129	-0.111043	L	0.156647
11477010444700000	-7.80545	1.21593	-4.76506	1.03621	-7.74135	1.16334	-4.92731	6.12068	-0.11505	R	2.81892
11477010444750000	-8.04339	1.26918	-4.75615	1.09431	-7.98702	1.1953	-4.92915	6.11985	-0.10867	L	0.0295299
11477010444800000	-8.28085	1.32536	-4.74625	1.15383	-8.21976	1.30654	-4.93186	6.07557	-0.158287	R	4.0655
11477010444850000	-8.51779	1.38455	-4.7353	1.21475	-8.46371	1.33985	-4.93233	6.07763	-0.145665	L	0.0969401
11477010444900000	-8.75416	1.44681	-4.72324	1.27704	-8.6918	1.38775	-4.89931	6.06947	-0.149357	R	6.70578
11477010444950000	-8.98989	1.51223	-4.71002	1.34067	-8.93117	1.48461	-4.90646	6.03943	-0.177386	L	0.698429
11477010445000000	-9.22493	1.58085	-4.69558	1.40561	-9.16494	1.51298	-4.90575	6.04733	-0.155272	R	4.14623
11477010445050000	-9.45921	1.65276	-4.67987	1.47183	-9.42708	1.52753	-4.91858	6.06379	-0.124837	L	1.28792
11477010445100000	-9.69268	1.728	-4.66282	1.53929	-9.67457	1.53533	-4.92276	6.08202	-0.0936182	R	2.97848
11477010445150000	-9.92526	1.80665	-4.64437	1.60795	-9.94003	1.66399	-4.95773	6.04052	-0.138646	L	5.62993
11477010445200000	-10.1569	1.88875	-4.62448	1.67776	-10.1642	1.79439	-4.954	5.99682	-0.185218	R	6.03789
11477010445250000	-10.3875	1.97438	-4.60307	1.7487	-10.3736	1.89178	-4.93658	5.97168	-0.205438	L	1.55269
11477010445300000	-10.6169	2.06357	-4.58009	1.82071	-10.621	1.97665	-4.95988	5.96132	-0.201823	R	1.88035
11477010445350000	-10.8452	2.15639	-4.55549	1.89375	-10.8576	2.03153	-4.95608	5.96342	-0.186811	L	0.196859
11477010445400000	-11.0722	2.25288	-4.52921	1.96776	-11.0835	2.12884	-4.95632	5.94471	-0.197722	R	1.2472
11477010445450000	-11.2979	2.35309	-4.50118	2.04269	-11.2751	2.28338	-4.94052	5.8952	-0.247616	L	3.2113
11477010445500000	-11.5221	2.45707	-4.47136	2.11849	-11.5119	2.37076	-4.94955	5.88885	-0.238237	R	0.358116
11477010445550000	-11.7448	2.56486	-4.43968	2.1951	-11.7403	2.51101	-4.96294	5.85636	-0.263091	L	0.943295
11477010445600000	-11.9658	2.6765	-4.4061	2.27246	-11.984	2.61989	-4.9921	5.84887	-0.248698	R	3.16706
11477010445650000	-12.1851	2.79202	-4.37055	2.35051	-12.2165	2.75209	-5.00614	5.82565	-0.261255	L	0.743322
11477010445700000	-12.4026	2.91145	-4.333	2.42918	-12.4542	2.83964	-5.0108	5.82703	-0.242202	R	1.32723
11477010445750000	-12.6182	3.03483	-4.29338	2.5084	-12.6617	3.00669	-5.01774	5.78679	-0.276484	L	0.907341
11477010445800000	-12.8317	3.16218	-4.25165	2.5881	-12.8836	3.13433	-5.02617	5.77231	-0.274442	R	0.492189
11477010445850000	-13.0431	3.29353	-4.20776	2.66821	-13.0773	3.31627	-5.02991	5.72819	-0.311561	L	1.07526
11477010445900000	-13.2522	3.42888	-4.16167	2.74865	-13.2731	3.44265	-5.014	5.71242	-0.312836	R	3.96711
11477010445950000	-13.459	3.56827	-4.11333	2.82935	-13.4623	3.58788	-5.00222	5.68878	-0.323425	L	0.789009
11477010446000000	-13.6633	3.71169	-4.0627	2.91022	-13.6835	3.74512	-5.02537	5.67245	-0.318314	R	4.24323
11477010446050000	-13.865	3.85915	-4.00974	2.99118	-13.8922	3.85973	-5.01413	5.67038	-0.302288	L	0.458775
11477010446100000	-14.064	4.01066	-3.95441	3.07214	-14.0821	4.03433	-5.01563	5.63826	-0.325093	R	1.91496
11477010446150000	-14.2602	4.16622	-3.89669	3.15303	-14.2753	4.19211	-5.01439	5.61833	-0.329636	L	0.0369088
11477010446200000	-14.4535	4.32581	-3.83653	3.23373	-14.4914	4.35493	-5.03186	5.60402	-0.326305	R	5.73916
11477010446250000	-14.6436	4.48943	-3.77392	3.31417	-14.6735	4.5498	-5.04242	5.57076	-0.346002	L	0.476992
11477010446300000	-14.8306	4.65706	-3.70883	3.39425	-14.867	4.71664	-5.04598	5.55458	-0.344204	R	0.192362
11477010446350000	-15.0143	4.82869	-3.64123	3.47388	-15.021	4.89653	-5.03001	5.52445	-0.360959	L	1.77843
11477010446400000	-15.1945	5.00428	-3.5711	3.55294	-15.1961	5.06502	-5.02132	5.50549	-0.36469	R	0.704398
11477010446450000	-15.3712	5.1838	-3.49844	3.63135	-15.3794	5.25985	-5.03582	5.48293	-0.368719	L	0.625589
11477010446500000	-15.5441	5.36723	-3.42323	3.70901	-15.5291	5.47235	-5.03322	5.4397	-0.407962	R	2.40366
11477010446550000	-15.7133	5.55452	-3.34546	3.78581	-15.741	5.59573	-5.02046	5.45597	-0.365311	L	2.11202
11477010446600000	-15.8785	5.74562	-3.26513	3.86164	-15.9055	5.76707	-5.00875	5.44149	-0.361779	R	2.24949
11477010446650000	-16.0396	5.94048	-3.18223	3.9364	-16.0438	5.96009	-4.99615	5.41341	-0.374655	L	1.18586
11477010446700000	-16.1965	6.13906	-3.09679	4.00999	-16.1982	6.15251	-4.98914	5.38739	-0.391579	R	1.16855
11477010446750000	-16.3491	6.34128	-3.00879	4.08229	-16.3345	6.38081	-5.00129	5.35213	-0.409154	L	0.500434
11477010446800000	-16.4972	6.54708	-2.91826	4.1532	-16.4663	6.56659	-4.97742	5.32517	-0.427355	R	6.43661
11477010446850000	-16.6407	6.75639	-2.82522	4.22261	-16.6321	6.75067	-4.97608	5.31826	-0.410478	L	0.506665
11477010446900000	-16.7795	6.96912	-2.72968	4.29042	-16.7837	6.95689	-4.98477	5.30487	-0.397175	R	0.713655
11477010446950000	-16.9135	7.18521	-2.63167	4.3565	-16.9804	7.16658	-5.01651	5.30513	-0.371031	L	6.84481
11477010447000000	-17.0425	7.40456	-2.53122	4.42077	-17.0917	7.39702	-5.01406	5.26329	-0.409852	R	1.89995
11477010447050000	-17.1665	7.62707	-2.42838	4.4831	-17.189	7.6509	-5.0285	5.22147	-0.433589	L	0.947975
11477010447100000	-17.2852	7.85264	-2.32317	4.54339	-17.3243	7.85261	-5.02403	5.21601	-0.40675	R	1.93274
11477010447150000	-17.3986	8.08118	-2.21565	4.60153	-17.4483	8.02662	-4.98984	5.20882	-0.394401	L	2.65846
11477010447200000	-17.5066	8.31257	-2.10586	4.65742	-17.5473	8.26526	-4.995	5.17507	-0.415009	R	2.27603
11477010447250000	-17.6091	8.54669	-1.99386	4.71095	-17.6907	8.48062	-5.00214	5.16893	-0.39754	L	1.32335
11477010447300000	-17.7059	8.78343	-1.87971	4.76202	-17.7574	8.70896	-4.98293	5.12237	-0.445217	R	4.26894
11477010447350000	-17.797	9.02267	-1.76348	4.81052	-17.8275	8.97207	-5.00019	5.08326	-0.463166	L	0.835569
11477010447400000	-17.8822	9.26426	-1.64522	4.85637	-17.8873	9.22788	-5.00357	5.03242	-0.512909	R	3.50859
11477010447450000	-17.9614	9.50807	-1.52502	4.89946	-17.8969	9.51887	-5.02498	4.97221	-0.550365	L	3.25076
11477010447500000	-18.0346	9.75398	-1.40296	4.9397	-17.9554	9.77119	-5.03148	4.94144	-0.554514	R	1.05181
11477010447550000	-18.1016	10.0018	-1.27911	4.97699	-18.0391	9.99937	-5.02539	4.92783	-0.539329	L	0.666458
11477010447600000	-18.1624	10.2515	-1.15357	5.01125	-18.1187	10.2261	-5.01686	4.91609	-0.521314	R	7.30899
11477010447650000	-18.2169	10.5027	-1.02642	5.04239	-18.1216	10.4868	-5.01883	4.87108	-0.542126	L	1.66321
11477010447700000	-18.265	10.7555	-0.897764	5.07032	-18.214	10.7212	-5.02187	4.88792	-0.462105	R	4.10583
11477010447750000	-18.3066	11.0095	-0.767697	5.09498	-18.2663	10.9294	-4.98972	4.87313	-0.456353	L	2.16171
11477010447800000	-18.3417	11.2647	-0.636323	5.11627	-18.3034	11.1756	-4.98865	4.84629	-0.467115	R	0.646487
11477010447850000	-18.3702	11.5209	-0.503751	5.13414	-18.296	11.4898	-5.04206	4.80271	-0.484202	L	5.60481
11477010447900000	-18.392	11.778	-0.370091	5.14852	-18.3373	11.7408	-5.04556	4.79225	-0.460462	R	0.735808
11477010447950000	-18.4072	12.0356	-0.235457	5.15934	-18.3639	11.9885	-5.04326	4.77311	-0.456398	L	0.0684859
11477010448000000	-18.4156	12.2937	-0.099968	5.16654	-18.4041	12.2348	-5.04314	4.77715	-0.402384	R	2.63709
11477010448050000	-18.4171	12.552	0.0362564	5.17007	-18.4374	12.4946	-5.05202	4.76416	-0.393735	L	0.807455
11477010448100000	-18.4119	12.8105	0.173093	5.16989	-18.4472	12.7552	-5.05952	4.74313	-0.395622	R	1.55169
11477010448150000	-18.3998	13.0688	0.310414	5.16594	-18.4541	13.0277	-5.07751	4.72321	-0.39429	L	0.824861
11477010448200000	-18.3809	13.3269	0.448093	5.1582	-18.4273	13.2726	-5.06643	4.67807	-0.447149	R	3.83633
11477010448250000	-18.355	13.5845	0.585998	5.14663	-18.3769	13.5561	-5.09394	4.64006	-0.46226	L	1.71127
11477010448300000	-18.3223	13.8414	0.723997	5.1312	-18.3658	13.8222	-5.10527	4.62156	-0.454914	R	3.40523
11477010448350000	-18.2826	14.0974	0.861956	5.11189	-18.3231	14.0863	-5.11526	4.59248	-0.461038	L	0.263113
11477010448400000	-18.2361	14.3524	0.999739	5.08868	-18.2804	14.346	-5.1209	4.55612	-0.49069	R	2.57138
11477010448450000	-18.1827	14.6061	1.13721	5.06157	-18.2278	14.5854	-5.10996	4.52778	-0.495804	L	0.574098
11477010448500000	-18.1224	14.8584	1.27423	5.03055	-18.1509	14.8399	-5.11588	4.47552	-0.553154	R	4.22095
11477010448550000	-18.0553	15.1091	1.41067	4.99562	-18.0678	15.1054	-5.1343	4.44128	-0.558566	L	0.646632
11477010448600000	-17.9814	15.3578	1.54638	4.95679	-18.0143	15.3607	-5.13927	4.4328	-0.517494	R	2.16753
11477010448650000	-17.9007	15.6046	1.68122	4.91408	-17.9331	15.6059	-5.13988	4.40431	-0.520243	L	0.0532915
11477010448700000	-17.8133	15.8491	1.81507	4.8675	-17.8587	15.843	-5.13224	4.39024	-0.491798	R	3.47447
11477010448750000	-17.7192	16.0912	1.94777	4.81708	-17.763	16.0795	-5.12965	4.36115	-0.496866	L	0.241555
11477010448800000	-17.6185	16.3307	2.0792	4.76286	-17.7335	16.3317	-5.12507	4.38121	-0.412654	R	7.15653
11477010448850000	-17.5113	16.5674	2.20923	4.70486	-17.58	16.5754	-5.14386	4.33747	-0.435579	L	4.20987
11477010448900000	-17.3977	16.8011	2.33771	4.64314	-17.4293	16.7876	-5.13667	4.27367	-0.515738	R	5.34827
11477010448950000	-17.2776	17.0316	2.46452	4.57774	-17.3209	17.0271	-5.14303	4.25007	-0.51282	L	0.180636
11477010449000000	-17.1512	17.2588	2.58952	4.50871	-17.1637	17.2393	-5.14419	4.18489	-0.595442	R	4.38469
11477010449050000	-17.0187	17.4824	2.71259	4.43613	-17.0311	17.4927	-5.17229	4.15952	-0.588076	L	2.21681
11477010449100000	-16.88	17.7023	2.83361	4.36005	-16.8717	17.6973	-5.16948	4.1162	-0.612242	R	1.37837
11477010449150000	-16.7354	17.9184	2.95245	4.28054	-16.7394	17.9153	-5.16871	4.0916	-0.60593	L	0.370241
11477010449200000	-16.5848	18.1303	3.069	4.19769	-16.5841	18.1222	-5.16791	4.06449	-0.596025	R	0.674857
11477010449250000	-16.4285	18.3381	3.18313	4.11157	-16.4062	18.2865	-5.14472	4.0222	-0.611634	L	3.48698
11477010449300000	-16.2665	18.5415	3.29475	4.02228	-16.2635	18.4941	-5.14002	4.01327	-0.568116	R	1.50138
11477010449350000	-16.0991	18.7403	3.40374	3.9299	-16.0911	18.6934	-5.14596	3.98461	-0.567771	L	0.0640262
11477010449400000	-15.9262	18.9344	3.50999	3.83452	-15.9106	18.882	-5.14912	3.95211	-0.575249	R	0.448425
11477010449450000	-15.7481	19.1237	3.61342	3.73626	-15.7273	19.0971	-5.17429	3.9289	-0.566858	L	1.78281
11477010449500000	-15.5649	19.308	3.71392	3.63521	-15.5397	19.2732	-5.17375	3.89382	-0.582745	R	0.428639
11477010449550000	-15.3767	19.4872	3.8114	3.53148	-15.3604	19.4718	-5.1849	3.87333	-0.572534	L	1.26737
11477010449600000	-15.1838	19.6612	3.90579	3.42518	-15.1541	19.6315	-5.18636	3.83077	-0.602074	R	0.542386
11477010449650000	-14.9862	19.8297	3.99699	3.31643	-14.9456	19.8249	-5.21185	3.8066	-0.593406	L	1.77056
11477010449700000	-14.7841	19.9928	4.08495	3.20535	-14.7571	19.986	-5.20286	3.78144	-0.591023	R	6.29769
11477010449750000	-14.5777	20.1503	4.16958	3.09206	-14.5854	20.1331	-5.17469	3.75976	-0.585329	L	1.98471
11477010449800000	-14.3671	20.302	4.25082	2.97668	-14.3835	20.2841	-5.1667	3.74493	-0.551946	R	2.74204
11477010449850000	-14.1526	20.448	4.32862	2.85933	-14.1519	20.4391	-5.18526	3.71655	-0.551141	L	0.598245
11477010449900000	-13.9342	20.588	4.40292	2.74015	-13.9248	20.5666	-5.18514	3.68147	-0.564518	R	0.347547
11477010449950000	-13.7123	20.722	4.47367	2.61927	-13.724	20.7093	-5.17646	3.66147	-0.556552	L	0.9747
11477010450000000	-13.4868	20.8499	4.54085	2.49681	-13.4943	20.8277	-5.17624	3.6271	-0.570264	R	0.143244
11477010450050000	-13.2582	20.9717	4.6044	2.37291	-13.2557	20.9495	-5.18464	3.59827	-0.569913	L	0.122157
11477010450100000	-13.0264	21.0872	4.6643	2.2477	-13.0143	21.0623	-5.18969	3.57275	-0.559782	R	2.30193
11477010450150000	-12.7917	21.1965	4.72053	2.12131	-12.7666	21.1951	-5.21229	3.55094	-0.551396	L	1.316
11477010450200000	-12.5543	21.2994	4.77306	1.99388	-12.5377	21.3146	-5.20888	3.54214	-0.512401	R	0.953439
11477010450250000	-12.3143	21.3959	4.8219	1.86555	-12.276	21.4326	-5.23467	3.519	-0.507773	L	1.17351
11477010450300000	-12.072	21.486	4.86702	1.73644	-12.0175	21.5098	-5.23995	3.48196	-0.527714	R	1.96334
11477010450350000	-11.8276	21.5696	4.90844	1.60668	-11.8025	21.6198	-5.22523	3.46829	-0.51531	L	2.62613
11477010450400000	-11.5811	21.6467	4.94615	1.47643	-11.5527	21.702	-5.22672	3.44407	-0.511409	R	0.154461
11477010450450000	-11.3329	21.7173	4.98017	1.34579	-11.28	21.7437	-5.23133	3.40526	-0.525141	L	2.37871
11477010450500000	-11.083	21.7813	5.01051	1.21491	-11.0363	21.8208	-5.22605	3.38945	-0.505124	R	1.02128
11477010450550000	-10.8317	21.8388	5.03719	1.08391	-10.7899	21.8429	-5.20502	3.35278	-0.518735	L	2.12129
11477010450600000	-10.5792	21.8898	5.06025	0.952912	-10.5284	21.886	-5.21093	3.3157	-0.543702	R	1.20564
11477010450650000	-10.3256	21.9341	5.07971	0.822051	-10.2607	21.9225	-5.21834	3.28579	-0.546088	L	0.225222
11477010450700000	-10.0711	21.972	5.09561	0.691445	-9.99537	21.9366	-5.2187	3.24974	-0.558094	R	1.89959
11477010450750000	-9.81592	22.0033	5.10799	0.561215	-9.74102	21.9626	-5.21454	3.22277	-0.557399	L	0.0498303
11477010450800000	-9.56019	22.0282	5.11691	0.431476	-9.47856	21.9686	-5.21581	3.18649	-0.57381	R	0.205025
11477010450850000	-9.3041	22.0465	5.1224	0.302344	-9.24573	22.0061	-5.19848	3.16945	-0.562624	L	2.7324
11477010450900000	-9.04782	22.0584	5.12453	0.17393	-8.9845	21.9977	-5.19913	3.13341	-0.577481	R	0.244569
11477010450950000	-8.79151	22.0639	5.12336	0.046341	-8.7127	22.0124	-5.21402	3.11113	-0.569197	L	0.665417
11477010451000000	-8.53534	22.0631	5.11895	-0.0803171	-8.45487	21.9905	-5.21835	3.06416	-0.614532	R	4.18109
11477010451050000	-8.27947	22.0559	5.11137	-0.205944	-8.17904	21.9956	-5.23732	3.04331	-0.602332	L	1.25797
11477010451100000	-8.02405	22.0425	5.10068	-0.330441	-7.91462	21.9878	-5.24272	3.02295	-0.587701	R	3.16938
11477010451150000	-7.76924	22.0229	5.08697	-0.453715	-7.66792	21.981	-5.23365	3.00339	-0.577724	L	1.59033
11477010451200000	-7.51519	21.9971	5.07031	-0.575677	-7.41348	21.927	-5.2357	2.9582	-0.614376	R	1.66489
11477010451250000	-7.26204	21.9653	5.05078	-0.696241	-7.17242	21.8937	-5.22249	2.93359	-0.608753	L	1.07426
11477010451300000	-7.00994	21.9275	5.02847	-0.815324	-6.91338	21.8455	-5.2248	2.90992	-0.59573	R	0.638891
11477010451350000	-6.75902	21.8838	5.00346	-0.932849	-6.70688	21.7814	-5.18207	2.878	-0.601377	L	3.45878
11477010451400000	-6.50942	21.8342	4.97584	-1.04874	-6.46398	21.7518	-5.16279	2.88092	-0.535495	R	6.13339
11477010451450000	-6.26126	21.7789	4.94569	-1.16294	-6.26499	21.6887	-5.11739	2.85349	-0.539615	L	4.25829
11477010451500000	-6.01466	21.7179	4.91312	-1.27537	-6.00922	21.6343	-5.11318	2.85495	-0.475351	R	6.34566
11477010451550000	-5.76976	21.6513	4.87822	-1.38597	-5.7766	21.58	-5.10081	2.8377	-0.468984	L	1.09941
11477010451600000	-5.52665	21.5793	4.84107	-1.49469	-5.54169	21.5016	-5.0991	2.80589	-0.491508	R	2.81171
11477010451650000	-5.28546	21.5018	4.80178	-1.60148	-5.28652	21.4465	-5.10929	2.79395	-0.476942	L	1.24276
11477010451700000	-5.04628	21.4191	4.76045	-1.70628	-5.02839	21.3718	-5.12187	2.78139	-0.457122	R	7.06749
11477010451750000	-4.80922	21.3312	4.71717	-1.80906	-4.79766	21.3164	-5.10884	2.77095	-0.444153	L	2.54081
11477010451800000	-4.57436	21.2382	4.67204	-1.90978	-4.55899	21.2391	-5.09707	2.77175	-0.392641	R	4.92775
11477010451850000	-4.34181	21.1401	4.62517	-2.0084	-4.2847	21.238	-5.11302	2.78902	-0.351232	L	10.8172
11477010451900000	-4.11165	21.0373	4.57664	-2.10489	-4.03363	21.1643	-5.1187	2.78198	-0.334082	R	2.28928
11477010451950000	-3.88395	20.9296	4.52656	-2.19922	-3.85721	21.0341	-5.07119	2.74489	-0.358007	L	4.86697
11477010452000000	-3.65879	20.8173	4.47504	-2.29137	-3.63807	20.8915	-5.07948	2.6907	-0.429266	R	3.23041
11477010452050000	-3.43624	20.7004	4.42216	-2.38133	-3.41042	20.7401	-5.08907	2.65614	-0.443178	L	2.33731
11477010452100000	-3.21637	20.5791	4.36803	-2.46907	-3.19214	20.6264	-5.08014	2.63956	-0.431369	R	1.492
11477010452150000	-2.99923	20.4534	4.31275	-2.5546	-2.94971	20.5092	-5.09673	2.62355	-0.424559	L	0.505028
11477010452200000	-2.78489	20.3235	4.2564	-2.63789	-2.70524	20.3984	-5.10646	2.62256	-0.384998	R	6.71041
11477010452250000	-2.57339	20.1895	4.1991	-2.71895	-2.5134	20.2498	-5.08794	2.59204	-0.398297	L	0.990873
11477010452300000	-2.36478	20.0515	4.14093	-2.79777	-2.29965	20.1067	-5.09355	2.56206	-0.420332	R	0.850718
11477010452350000	-2.1591	19.9097	4.082	-2.87437	-2.10843	19.9159	-5.09298	2.5211	-0.442454	L	3.33312
11477010452400000	-1.95638	19.764	4.02238	-2.94874	-1.91167	19.7431	-5.09674	2.48565	-0.463819	R	1.36184
11477010452450000	-1.75666	19.6147	3.96217	-3.02089	-1.70231	19.5806	-5.1064	2.46268	-0.463048	L	0.215837
11477010452500000	-1.55997	19.4618	3.90147	-3.09085	-1.50418	19.3987	-5.12076	2.42628	-0.488461	R	2.6121
11477010452550000	-1.36632	19.3055	3.84036	-3.15861	-1.31711	19.2451	-5.11062	2.40626	-0.484141	L	0.61705
11477010452600000	-1.17574	19.1458	3.77892	-3.22421	-1.13011	19.0631	-5.11393	2.37952	-0.486467	R	0.579735
11477010452650000	-0.988236	18.9829	3.71725	-3.28766	-0.974355	18.8807	-5.0945	2.3476	-0.496315	L	0.687107
11477010452700000	-0.803824	18.8169	3.65542	-3.34899	-0.772484	18.7244	-5.08905	2.35158	-0.442129	R	2.8467
11477010452750000	-0.622508	18.6479	3.59351	-3.40821	-0.596813	18.5786	-5.06988	2.34025	-0.431089	L	2.7644
11477010452800000	-0.444288	18.476	3.53161	-3.46536	-0.421684	18.3943	-5.06847	2.32151	-0.423783	R	0.288475
11477010452850000	-0.269164	18.3013	3.46979	-3.52047	-0.296167	18.2029	-5.03741	2.28675	-0.441108	L	1.79648
11477010452900000	-0.0971295	18.1238	3.40813	-3.57357	-0.138672	18.014	-5.03374	2.26188	-0.447691	R	0.68764
11477010452950000	0.0718255	17.9438	3.34669	-3.6247	0.0404978	17.8409	-5.03618	2.25189	-0.433418	L	0.809272
11477010453000000	0.237714	17.7612	3.28556	-3.67388	0.233566	17.6716	-5.03003	2.2662	-0.366136	R	4.73235
11477010453050000	0.400552	17.5762	3.22479	-3.72115	0.417588	17.4961	-5.03604	2.2605	-0.351379	L	0.66821
11477010453100000	0.560361	17.389	3.16445	-3.76656	0.633785	17.3533	-5.03248	2.28848	-0.278985	R	10.7825
11477010453150000	0.717162	17.1994	3.10461	-3.81013	0.742347	17.1451	-5.00567	2.25301	-0.304607	L	2.04375
11477010453200000	0.870984	17.0078	3.04533	-3.85192	0.899016	16.9548	-5.00194	2.24054	-0.299712	R	0.165675
11477010453250000	1.02185	16.8141	2.98666	-3.89195	1.01001	16.7651	-4.96914	2.21447	-0.313394	L	2.08543
11477010453300000	1.16981	16.6185	2.92867	-3.93028	1.15163	16.5628	-4.97382	2.18794	-0.338078	R	1.89018
11477010453350000	1.31487	16.4209	2.87142	-3.96695	1.24857	16.3425	-4.95527	2.15266	-0.359469	L	1.37531
11477010453400000	1.4571	16.2216	2.81494	-4.00199	1.38613	16.1401	-4.95281	2.13825	-0.353927	R	0.120029
11477010453450000	1.59651	16.0206	2.7593	-4.03546	1.58243	15.9395	-4.98716	2.14417	-0.325664	L	2.81751
11477010453500000	1.73317	15.8179	2.70454	-4.06739	1.70292	15.7353	-4.97087	2.13013	-0.316262	R	3.75013
11477010453550000	1.86711	15.6137	2.65071	-4.09783	1.7428	15.5176	-4.92078	2.08249	-0.354445	L	5.61334
11477010453600000	1.99838	15.408	2.59786	-4.12682	1.8983	15.3336	-4.91482	2.09143	-0.314552	R	4.8919
11477010453650000	2.12703	15.2009	2.54602	-4.15442	2.01833	15.1232	-4.91213	2.07634	-0.313931	L	0.0308322
11477010453700000	2.25311	14.9924	2.49524	-4.18065	2.13287	14.9064	-4.91728	2.05289	-0.332188	R	1.34358
11477010453750000	2.37668	14.7827	2.44555	-4.20557	2.27828	14.6823	-4.93976	2.04706	-0.318873	L	1.01874
11477010453800000	2.49779	14.5718	2.397	-4.22922	2.37862	14.4533	-4.93994	2.02545	-0.324961	R	0.921933
11477010453850000	2.6165	14.3597	2.34961	-4.25165	2.54904	14.2684	-4.94638	2.04053	-0.288864	L	3.99982
11477010453900000	2.73287	14.1465	2.30343	-4.27288	2.66282	14.0437	-4.95697	2.0195	-0.306351	R	2.1475
11477010453950000	2.84695	13.9322	2.25847	-4.29298	2.77898	13.8219	-4.96077	2.00849	-0.301308	L	0.0629221
11477010454000000	2.95882	13.717	2.21478	-4.31197	2.87359	13.5861	-4.96338	1.98918	-0.304421	R	1.41214
11477010454050000	3.06854	13.5009	2.17238	-4.32991	2.93413	13.3641	-4.94028	1.96044	-0.32062	L	1.14844
11477010454100000	3.17617	13.2839	2.13129	-4.34682	3.04128	13.1608	-4.91612	1.96778	-0.276166	R	3.95142
11477010454150000	3.28177	13.0661	2.09154	-4.36275	3.18152	12.9596	-4.91836	1.97666	-0.250183	L	2.22188
11477010454200000	3.38542	12.8475	2.05316	-4.37774	3.31575	12.7385	-4.91979	1.99523	-0.192628	R	5.2188
11477010454250000	3.48718	12.6282	2.01617	-4.39182	3.39476	12.5684	-4.86751	1.98701	-0.192483	L	8.455
11477010454300000	3.58713	12.4083	1.98058	-4.40503	3.51909	12.3574	-4.86793	1.99359	-0.16879	R	1.45864
11477010454350000	3.68533	12.1876	1.94641	-4.41741	3.63584	12.1415	-4.87123	1.99309	-0.159764	L	0.239169
11477010454400000	3.78186	11.9664	1.9137	-4.42898	3.73297	11.9254	-4.86134	1.99152	-0.144039	R	1.27963
11477010454450000	3.87678	11.7446	1.88244	-4.43979	3.85959	11.7114	-4.86796	1.99639	-0.130481	L	0.571481
11477010454500000	3.97018	11.5223	1.85266	-4.44986	3.94355	11.4945	-4.86125	1.97786	-0.153912	R	2.19612
11477010454550000	4.06213	11.2996	1.82437	-4.45922	4.03827	11.2456	-4.88127	1.96561	-0.158823	L	1.612
11477010454600000	4.1527	11.0763	1.79758	-4.4679	4.16879	11.0413	-4.87788	1.98099	-0.124876	R	3.753
11477010454650000	4.24196	10.8527	1.77231	-4.47593	4.24254	10.8515	-4.84046	1.97189	-0.128204	L	3.51343
11477010454700000	4.33	10.6287	1.74858	-4.48333	4.32278	10.6319	-4.83319	1.95844	-0.139707	R	0.799392
11477010454750000	4.41689	10.4043	1.72638	-4.49013	4.41574	10.4189	-4.82553	1.95415	-0.136755	L	0.286458
11477010454800000	4.50271	10.1796	1.70573	-4.49636	4.51808	10.1966	-4.82999	1.95264	-0.130574	R	0.55448
11477010454850000	4.58753	9.95461	1.68663	-4.50203	4.58116	9.97401	-4.81705	1.93657	-0.141113	L	0.551983
11477010454900000	4.67143	9.72935	1.66911	-4.50715	4.66962	9.75683	-4.81567	1.92548	-0.155106	R	3.03616
11477010454950000	4.7545	9.50385	1.65315	-4.51176	4.73392	9.55479	-4.78812	1.91449	-0.158806	L	1.75249
11477010455000000	4.83681	9.27814	1.63878	-4.51587	4.81705	9.36864	-4.75353	1.92054	-0.133782	R	12.0594
11477010455050000	4.91844	9.05223	1.62599	-4.51949	4.84242	9.12317	-4.74798	1.88954	-0.160543	L	3.52995
11477010455100000	4.99946	8.82616	1.61479	-4.52264	4.92315	8.8853	-4.76148	1.8822	-0.160116	R	1.70818
11477010455150000	5.07997	8.59994	1.60519	-4.52532	5.00781	8.64704	-4.77638	1.87741	-0.156406	L	0.476062
11477010455200000	5.16003	8.37361	1.59718	-4.52755	5.12608	8.42541	-4.7829	1.90315	-0.0980755	R	2.89889
11477010455250000	5.23973	8.14717	1.59078	-4.52933	5.19989	8.17739	-4.79984	1.89382	-0.102798	L	1.15744
11477010455300000	5.31916	7.92067	1.58598	-4.53068	5.31048	7.94634	-4.81229	1.91177	-0.0625738	R	2.4586
11477010455350000	5.39838	7.6941	1.58279	-4.5316	5.3777	7.71191	-4.8136	1.90269	-0.0690193	L	0.290253
11477010455400000	5.47748	7.46751	1.5812	-4.53209	5.48953	7.48306	-4.82524	1.91957	-0.035565	R	1.81822
11477010455450000	5.55654	7.24091	1.58122	-4.53215	5.52833	7.24549	-4.81692	1.90013	-0.0543919	L	2.16233
11477010455500000	5.63564	7.01431	1.58285	-4.53178	5.64919	7.02992	-4.81524	1.93809	0.0238654	R	4.00901
11477010455550000	5.71486	6.78775	1.58608	-4.53098	5.75663	6.80289	-4.82594	1.94654	0.0313849	L	0.502611
11477010455600000	5.79428	6.56124	1.59093	-4.52975	5.80523	6.57932	-4.81205	1.92281	-0.0118161	R	2.31074
11477010455650000	5.87398	6.33481	1.59737	-4.52808	5.85643	6.35087	-4.80141	1.91067	-0.0235371	L	1.2177
11477010455700000	5.95405	6.10848	1.60542	-4.52597	5.91979	6.10202	-4.81485	1.89809	-0.0393225	R	4.30593
11477010455750000	6.03455	5.88226	1.61507	-4.52341	5.98939	5.88229	-4.80473	1.89467	-0.0405915	L	0.232436
11477010455800000	6.11558	5.65619	1.62631	-4.52038	6.03196	5.64602	-4.80254	1.86492	-0.0926421	R	1.57694
11477010455850000	6.19721	5.43028	1.63914	-4.51687	6.09186	5.42975	-4.78704	1.85902	-0.0936647	L	0.545671
11477010455900000	6.27951	5.20457	1.65356	-4.51288	6.16631	5.19996	-4.78946	1.85902	-0.0852044	R	0.0786982
11477010455950000	6.36258	4.97906	1.66956	-4.50838	6.24591	4.96549	-4.7985	1.85829	-0.0816531	L	0.27829
11477010456000000	6.44648	4.7538	1.68714	-4.50337	6.31478	4.7618	-4.776	1.85642	-0.0819104	R	5.07116
11477010456050000	6.53131	4.52881	1.70628	-4.49781	6.42169	4.50131	-4.81942	1.86207	-0.072377	L	5.02398
11477010456100000	6.61712	4.30411	1.72698	-4.4917	6.51979	4.26973	-4.82791	1.88538	-0.0176575	R	2.28643
11477010456150000	6.70401	4.07974	1.74923	-4.485	6.6221	4.01654	-4.85982	1.8908	-0.0117593	L	2.74236
11477010456200000	6.79205	3.85571	1.77302	-4.4777	6.73998	3.7879	-4.87154	1.92235	0.0496346	R	2.47122
11477010456250000	6.88132	3.63207	1.79834	-4.46978	6.79181	3.57084	-4.849	1.91566	0.0409426	L	2.23533
11477010456300000	6.97188	3.40885	1.82518	-4.4612	6.87783	3.34715	-4.84625	1.92572	0.0592262	R	0.575308
11477010456350000	7.06383	3.18607	1.85352	-4.45194	6.99913	3.16631	-4.81825	1.94774	0.0800428	L	5.41496
11477010456400000	7.15723	2.96378	1.88336	-4.44197	7.11592	2.97727	-4.79742	1.98177	0.137425	R	5.79525
11477010456450000	7.25216	2.742	1.91468	-4.43125	7.21644	2.76362	-4.7937	1.99088	0.139946	L	0.0749644
11477010456500000	7.34868	2.52078	1.94746	-4.41977	7.31543	2.54975	-4.78866	1.98726	0.110172	R	3.97429
11477010456550000	7.44688	2.30016	1.98168	-4.40749	7.40147	2.33355	-4.78205	1.98962	0.107329	L	0.286891
11477010456600000	7.54683	2.08018	2.01733	-4.39436	7.46764	2.08726	-4.79333	1.96635	0.0545706	R	3.72954
11477010456650000	7.64859	1.86087	2.0544	-4.38037	7.56163	1.85239	-4.80656	1.96688	0.0514094	L	0.416799
11477010456700000	7.75224	1.6423	2.09284	-4.36546	7.68899	1.64266	-4.81142	1.99488	0.0981381	R	2.26241
11477010456750000	7.85785	1.42449	2.13266	-4.34961	7.80517	1.3689	-4.86788	1.99427	0.0889234	L	7.80021
11477010456800000	7.96547	1.2075	2.17382	-4.33277	7.92909	1.17154	-4.85675	2.01755	0.12046	R	2.56809
11477010456850000	8.07519	0.991377	2.21629	-4.31491	7.98908	0.930119	-4.85931	2.00468	0.0999807	L	3.44093
11477010456900000	8.18706	0.776179	2.26005	-4.29598	8.10509	0.714393	-4.86356	2.0249	0.132637	R	0.884575
11477010456950000	8.30115	0.561955	2.30508	-4.27595	8.23417	0.510683	-4.85935	2.04138	0.143598	L	0.795267
11477010457000000	8.41752	0.348763	2.35134	-4.25478	8.36966	0.310002	-4.8552	2.05882	0.153743	R	4.16953
11477010457050000	8.53623	0.136661	2.39881	-4.23241	8.49066	0.126536	-4.83063	2.07526	0.164792	L	1.44102
11477010457100000	8.65734	-0.0742907	2.44744	-4.20881	8.67038	-0.0631723	-4.84817	2.13335	0.260084	R	7.30821
11477010457150000	8.78091	-0.28403	2.4972	-4.18394	8.83119	-0.240246	-4.83706	2.16218	0.278452	L	1.58008
11477010457200000	8.90699	-0.492491	2.54807	-4.15775	8.98835	-0.398809	-4.81449	2.2003	0.319263	R	6.97258
11477010457250000	9.03564	-0.699608	2.59998	-4.1302	9.13675	-0.592295	-4.81696	2.21785	0.320896	L	0.0582505
11477010457300000	9.16691	-0.905311	2.65292	-4.10124	9.27754	-0.801737	-4.82944	2.22611	0.309442	R	1.47328
11477010457350000	9.30084	-1.10953	2.70683	-4.07084	9.367	-1.0602	-4.85923	2.20457	0.264391	L	6.25835
11477010457400000	9.4375	-1.31219	2.76168	-4.03893	9.52141	-1.27116	-4.8871	2.22988	0.29798	R	4.64341
11477010457450000	9.57692	-1.51322	2.8174	-4.00549	9.69394	-1.47475	-4.90707	2.24809	0.300574	L	1.71695
11477010457500000	9.71914	-1.71253	2.87396	-3.97047	9.83168	-1.65698	-4.88302	2.24868	0.267618	R	2.65378
11477010457550000	9.86421	-1.91005	2.93131	-3.93381	9.94521	-1.85728	-4.8718	2.24614	0.249431	L	2.60725
11477010457600000	10.0122	-2.1057	2.98938	-3.89549	10.1143	-2.04148	-4.88678	2.27752	0.2901	R	2.40113
11477010457650000	10.163	-2.29939	3.04813	-3.85546	10.2581	-2.24686	-4.89486	2.28073	0.276266	L	0.399776
11477010457700000	10.3169	-2.49103	3.1075	-3.81368	10.3778	-2.43166	-4.86128	2.26852	0.227073	R	6.27084
11477010457750000	10.4737	-2.68054	3.16742	-3.7701	10.5243	-2.66431	-4.89204	2.2619	0.204279	L	2.181
11477010457800000	10.6335	-2.86783	3.22785	-3.72468	10.6605	-2.85822	-4.8764	2.25347	0.167486	R	1.5385
11477010457850000	10.7963	-3.05279	3.2887	-3.67739	10.7849	-3.05571	-4.86737	2.24955	0.153039	L	1.32425
11477010457900000	10.9622	-3.23535	3.34992	-3.62819	10.9794	-3.21831	-4.88612	2.29583	0.224086	R	4.75065
11477010457950000	11.1311	-3.4154	3.41144	-3.57705	11.1414	-3.40207	-4.88715	2.30614	0.222996	L	0.00284813
11477010458000000	11.3032	-3.59284	3.47319	-3.52392	11.3218	-3.56656	-4.89307	2.33534	0.256301	R	1.87237
11477010458050000	11.4783	-3.76758	3.53509	-3.46877	11.498	-3.76688	-4.9146	2.34206	0.248417	L	1.23421
11477010458100000	11.6565	-3.9395	3.59707	-3.41158	11.6794	-3.94818	-4.92751	2.35791	0.255869	R	1.00239
11477010458150000	11.8378	-4.10852	3.65905	-3.35231	11.8526	-4.14386	-4.94269	2.36244	0.245487	L	0.560537
11477010458200000	12.0223	-4.27453	3.72095	-3.29094	12.0562	-4.313	-4.9624	2.38922	0.269598	R	2.7157
11477010458250000	12.2098	-4.43741	3.7827	-3.22744	12.2509	-4.4697	-4.96181	2.41051	0.27908	L	0.146547
11477010458300000	12.4003	-4.59707	3.84421	-3.16178	12.4593	-4.61563	-4.97734	2.44712	0.319596	R	3.27333
11477010458350000	12.594	-4.75339	3.90539	-3.09395	12.6631	-4.73943	-4.96172	2.47841	0.338787	L	0.675933
11477010458400000	12.7907	-4.90626	3.96616	-3.02393	12.8651	-4.88765	-4.9608	2.49668	0.338613	R	0.511778
11477010458450000	12.9904	-5.05558	4.02643	-2.95171	13.0634	-5.05905	-4.9757	2.50457	0.326917	L	0.598295
11477010458500000	13.1931	-5.20124	4.0861	-2.87726	13.2379	-5.21282	-4.96303	2.51006	0.313702	R	4.27076
11477010458550000	13.3988	-5.34312	4.1451	-2.80059	13.3976	-5.41068	-4.96867	2.49383	0.274226	L	1.47974
11477010458600000	13.6074	-5.48111	4.20332	-2.72168	13.6408	-5.52496	-5.00132	2.54438	0.334086	R	8.08243
11477010458650000	13.8189	-5.6151	4.26067	-2.64053	13.8212	-5.68171	-4.9938	2.5465	0.31648	L	0.809278
11477010458700000	14.0332	-5.74499	4.31706	-2.55715	14.0583	-5.8096	-5.02204	2.57967	0.344061	R	3.1528
11477010458750000	14.2504	-5.87065	4.37238	-2.47154	14.2899	-5.93636	-5.03189	2.60385	0.352218	L	0.57627
11477010458800000	14.4703	-5.99197	4.42655	-2.38369	14.5145	-6.06805	-5.04783	2.62359	0.357175	R	0.761249
11477010458850000	14.6928	-6.10885	4.47946	-2.29364	14.7531	-6.15248	-5.04091	2.66182	0.382582	L	0.478138
11477010458900000	14.918	-6.22118	4.53101	-2.20138	14.976	-6.26648	-5.05012	2.68224	0.386376	R	2.16101
11477010458950000	15.1457	-6.32884	4.58111	-2.10694	15.1602	-6.36211	-5.01188	2.69692	0.382645	L	5.89631
11477010459000000	15.3758	-6.43173	4.62966	-2.01035	15.4001	-6.46588	-5.02285	2.72008	0.387421	R	1.14873
11477010459050000	15.6084	-6.52973	4.67655	-1.91162	15.6305	-6.5683	-5.0243	2.73873	0.386449	L	0.00771256
11477010459100000	15.8432	-6.62276	4.72169	-1.81079	15.8685	-6.67325	-5.05043	2.75621	0.384283	R	3.34261
11477010459150000	16.0803	-6.71069	4.76497	-1.7079	16.1028	-6.82028	-5.07259	2.75162	0.353642	L	2.15746
11477010459200000	16.3195	-6.79342	4.8063	-1.60298	16.3162	-6.90643	-5.04308	2.76823	0.353433	R	3.80631
11477010459250000	16.5607	-6.87087	4.84558	-1.49608	16.5525	-7.02028	-5.05308	2.77547	0.340027	L	0.462722
11477010459300000	16.8038	-6.94292	4.88271	-1.38725	16.778	-7.11845	-5.04935	2.7859	0.332065	R	1.09172
11477010459350000	17.0487	-7.00949	4.9176	-1.27653	17.025	-7.17651	-5.0479	2.81676	0.3497	L	0.196958
11477010459400000	17.2953	-7.07048	4.95015	-1.16398	17.2571	-7.23689	-5.03075	2.84156	0.360214	R	1.66757
11477010459450000	17.5434	-7.1258	4.98026	-1.04968	17.5394	-7.19973	-5.03093	2.91613	0.42969	L	2.97081
11477010459500000	17.793	-7.17537	5.00785	-0.933668	17.805	-7.2419	-5.05988	2.94141	0.427259	R	7.65524
11477010459550000	18.044	-7.21909	5.03282	-0.816029	18.0673	-7.2374	-5.05825	2.98877	0.459165	L	0.697778
11477010459600000	18.2961	-7.2569	5.05509	-0.696834	18.3156	-7.22977	-5.0422	3.03364	0.489636	R	5.02554
11477010459650000	18.5492	-7.28872	5.07456	-0.57616	18.561	-7.2611	-5.03936	3.05414	0.485035	L	0.0366923
11477010459700000	18.8033	-7.31446	5.09116	-0.454089	18.8338	-7.29497	-5.06732	3.06967	0.467409	R	5.29895
11477010459750000	19.0581	-7.33408	5.10481	-0.330708	19.0667	-7.3139	-5.05097	3.08967	0.464835	L	0.962825
11477010459800000	19.3135	-7.3475	5.11543	-0.206107	19.3082	-7.34558	-5.04361	3.10248	0.453411	R	3.06233
11477010459850000	19.5694	-7.35466	5.12294	-0.0803797	19.6213	-7.28744	-5.0915	3.1592	0.489981	L	7.34935
11477010459900000	19.8255	-7.35551	5.12728	0.0463764	19.8851	-7.30393	-5.10913	3.1661	0.458749	R	1.61791
11477010459950000	20.0818	-7.35	5.12836	0.17406	20.164	-7.27379	-5.12953	3.19951	0.469318	L	1.26664
11477010460000000	20.3381	-7.33809	5.12615	0.302565	20.4215	-7.31408	-5.14493	3.18297	0.403239	R	5.24751
11477010460050000	20.5942	-7.31974	5.12056	0.431784	20.6438	-7.32756	-5.11438	3.19051	0.391068	L	2.75453
11477010460100000	20.8499	-7.29491	5.11155	0.561605	20.8966	-7.29072	-5.10845	3.22434	0.414249	R	0.780569
11477010460150000	21.1051	-7.26358	5.09906	0.691914	21.1597	-7.20388	-5.12012	3.27377	0.447523	L	1.11874
11477010460200000	21.3596	-7.22573	5.08306	0.822593	21.4213	-7.18241	-5.13112	3.2836	0.424244	R	0.897706
11477010460250000	21.6132	-7.18134	5.06349	0.953522	21.6532	-7.26206	-5.10043	3.25208	0.364412	L	4.34043
11477010460300000	21.8657	-7.1304	5.04032	1.08458	21.9007	-7.18048	-5.08674	3.30866	0.431663	R	6.77131
11477010460350000	22.117	-7.07291	5.01352	1.21564	22.1956	-7.03534	-5.13974	3.3731	0.478094	L	6.77487
11477010460400000	22.3669	-7.00887	4.98307	1.34657	22.4236	-6.93135	-5.11691	3.43458	0.548669	R	6.10678
11477010460450000	22.6151	-6.93829	4.94893	1.47726	22.6352	-6.83601	-5.0926	3.47221	0.563116	L	3.13718
11477010460500000	22.8616	-6.86119	4.9111	1.60756	22.8865	-6.80509	-5.09641	3.46338	0.502706	R	4.29004
11477010460550000	23.106	-6.77759	4.86956	1.73734	23.1178	-6.81171	-5.06714	3.45148	0.462969	L	3.02167
11477010460600000	23.3483	-6.68751	4.82431	1.86648	23.3345	-6.71392	-5.04782	3.49202	0.49547	R	4.5269
11477010460650000	23.5883	-6.59099	4.77535	1.99484	23.5688	-6.63699	-5.04315	3.51175	0.490117	L	0.0644752
11477010460700000	23.8257	-6.48809	4.72269	2.12228	23.8219	-6.58024	-5.05215	3.50976	0.44623	R	2.49097
11477010460750000	24.0604	-6.37883	4.66633	2.24867	24.0351	-6.46858	-5.04032	3.54215	0.458971	L	1.27182
11477010460800000	24.2922	-6.26328	4.6063	2.37389	24.2574	-6.34677	-5.03706	3.58256	0.49058	R	0.782253
11477010460850000	24.5209	-6.14151	4.54262	2.49779	24.4982	-6.20705	-5.05962	3.61656	0.499271	L	1.07506
11477010460900000	24.7463	-6.01357	4.47532	2.62023	24.7424	-6.12483	-5.06832	3.60797	0.436909	R	2.62094
11477010460950000	24.9683	-5.87956	4.40444	2.7411	24.9654	-5.99866	-5.07068	3.63387	0.441292	L	0.0453671
11477010461000000	25.1866	-5.73954	4.33001	2.86026	25.1778	-5.85874	-5.06832	3.67048	0.46708	R	0.519682
11477010461050000	25.4011	-5.5936	4.25209	2.97757	25.4082	-5.71198	-5.08593	3.69754	0.469615	L	0.712354
11477010461100000	25.6117	-5.44185	4.17073	3.09291	25.5979	-5.55488	-5.07356	3.742	0.507573	R	2.78279
11477010461150000	25.8181	-5.28439	4.08598	3.20616	25.7601	-5.30445	-5.08792	3.8134	0.558077	L	7.85094
11477010461200000	26.0202	-5.12131	3.99791	3.31719	25.9563	-5.14607	-5.08655	3.83921	0.553992	R	0.0799115
11477010461250000	26.2178	-4.95274	3.90659	3.42588	26.1558	-5.02442	-5.06909	3.85062	0.537839	L	1.05708
11477010461300000	26.4107	-4.7788	3.81209	3.53212	26.3461	-4.8373	-5.07944	3.88698	0.551933	R	5.32116
11477010461350000	26.5989	-4.5996	3.7145	3.63578	26.5365	-4.60794	-5.11408	3.93029	0.565321	L	2.37985
11477010461400000	26.7821	-4.41529	3.6139	3.73676	26.7457	-4.4563	-5.11846	3.92306	0.498297	R	2.6301
11477010461450000	26.9602	-4.226	3.51038	3.83494	26.9057	-4.29294	-5.09428	3.94714	0.500126	L	1.45028
11477010461500000	27.1331	-4.03186	3.40403	3.93023	27.1097	-4.13521	-5.09871	3.9345	0.424309	R	4.50953
11477010461550000	27.3006	-3.83304	3.29495	4.02252	27.3214	-3.93628	-5.13106	3.95114	0.41594	L	3.43178
11477010461600000	27.4625	-3.62967	3.18325	4.11172	27.4793	-3.72688	-5.13198	4.00216	0.479966	R	5.11718
11477010461650000	27.6188	-3.42193	3.06903	4.19774	27.6648	-3.52789	-5.14657	4.02136	0.473284	L	0.99113
11477010461700000	27.7694	-3.20995	2.95242	4.28049	27.816	-3.30898	-5.15222	4.06421	0.511909	R	2.74404
11477010461750000	27.914	-2.99393	2.83351	4.35989	27.9452	-3.0581	-5.16799	4.10732	0.529523	L	1.74104
11477010461800000	28.0527	-2.77401	2.71243	4.43586	28.0845	-2.83853	-5.16897	4.13716	0.534283	R	0.314024
11477010461850000	28.1853	-2.55039	2.5893	4.50833	28.1904	-2.58299	-5.17754	4.18152	0.552518	L	2.0561
11477010461900000	28.3116	-2.32322	2.46425	4.57724	28.2969	-2.34344	-5.1775	4.23153	0.59755	R	1.20052
11477010461950000	28.4317	-2.0927	2.3374	4.64252	28.4425	-2.13303	-5.17731	4.24836	0.583565	L	1.45794
11477010462000000	28.5453	-1.859	2.20888	4.70412	28.5814	-1.91616	-5.17704	4.25466	0.54002	R	1.23478
11477010462050000	28.6526	-1.62231	2.07883	4.76199	28.7126	-1.68771	-5.18266	4.27459	0.531884	L	0.674202
11477010462100000	28.7532	-1.38282	1.94737	4.8161	28.8182	-1.45767	-5.17659	4.28999	0.503211	R	3.58234
11477010462150000	28.8473	-1.14071	1.81465	4.86639	28.9242	-1.1877	-5.20375	4.31982	0.505397	L	1.32738
11477010462200000	28.9347	-0.896184	1.6808	4.91284	29.0043	-0.940304	-5.20122	4.347	0.500688	R	4.11212
11477010462250000	29.0154	-0.649428	1.54595	4.95543	29.0807	-0.682913	-5.20677	4.37835	0.506868	L	0.34927
11477010462300000	29.0893	-0.400636	1.41024	4.99413	29.1259	-0.419364	-5.20831	4.43321	0.563807	R	2.48596
11477010462350000	29.1564	-0.150004	1.27382	5.02893	29.1826	-0.200602	-5.17722	4.4607	0.566094	L	1.87004
11477010462400000	29.2167	0.102274	1.13682	5.05982	29.2452	0.0599592	-5.18749	4.50013	0.594839	R	5.45595
11477010462450000	29.2701	0.356002	0.999371	5.08681	29.2924	0.330225	-5.20001	4.53291	0.596804	L	0.300327
11477010462500000	29.3166	0.610984	0.861619	5.10989	29.3378	0.587791	-5.20081	4.55688	0.58194	R	0.80862
11477010462550000	29.3563	0.867027	0.723698	5.12908	29.4066	0.800326	-5.17065	4.5712	0.569402	L	3.14981
11477010462600000	29.389	1.12393	0.585743	5.14439	29.4242	1.06683	-5.17776	4.61371	0.59749	R	2.69898
11477010462650000	29.4149	1.38152	0.447888	5.15584	29.4662	1.33935	-5.19525	4.6378	0.58961	L	1.15738
11477010462700000	29.4338	1.63957	0.310266	5.16347	29.5024	1.59885	-5.19958	4.65979	0.58041	R	2.53153
11477010462750000	29.4459	1.89792	0.173006	5.1673	29.4988	1.86048	-5.19896	4.69345	0.585379	L	0.264233
11477010462800000	29.4512	2.15637	0.0362376	5.16738	29.4897	2.11817	-5.19828	4.73595	0.616393	R	1.71001
11477010462850000	29.4496	2.41474	-0.0999139	5.16374	29.4691	2.41952	-5.2346	4.77164	0.618009	L	2.3958
11477010462900000	29.4412	2.67283	-0.235325	5.15644	29.4526	2.67807	-5.23267	4.80089	0.615505	R	0.261577
11477010462950000	29.426	2.93047	-0.369875	5.14552	29.4734	2.97745	-5.27215	4.81581	0.594909	L	6.39088
11477010463000000	29.4042	3.18747	-0.503448	5.13105	29.4433	3.24138	-5.27068	4.83428	0.564065	R	3.5273
11477010463050000	29.3757	3.44367	-0.635928	5.11309	29.4343	3.48016	-5.25135	4.85367	0.556599	L	1.56371
11477010463100000	29.3406	3.69889	-0.767205	5.09171	29.3881	3.74032	-5.25092	4.87977	0.548453	R	1.10153
11477010463150000	29.299	3.95295	-0.897172	5.06698	29.3241	3.95214	-5.2088	4.91396	0.559302	L	3.66972
11477010463200000	29.2509	4.2057	-1.02573	5.03897	29.3082	4.21094	-5.20758	4.91713	0.513477	R	2.85629
11477010463250000	29.1964	4.45697	-1.15277	5.00776	29.2198	4.43854	-5.18507	4.95463	0.527874	L	2.64768
11477010463300000	29.1356	4.7066	-1.2782	4.97344	29.1467	4.6888	-5.18466	4.98193	0.525926	R	0.724905
11477010463350000	29.0686	4.95444	-1.40194	4.93609	29.059	4.95186	-5.19913	5.01251	0.529327	L	0.621656
11477010463400000	28.9954	5.20034	-1.52389	4.8958	28.9953	5.20359	-5.19601	5.01895	0.483461	R	2.14383
11477010463450000	28.9162	5.44416	-1.64397	4.85267	28.9611	5.43811	-5.1786	5.02847	0.469201	L	3.5021
11477010463500000	28.831	5.68575	-1.7621	4.80678	28.855	5.68884	-5.18948	5.06499	0.492683	R	6.79647
11477010463550000	28.7399	5.92498	-1.87822	4.75823	28.7641	5.93521	-5.1929	5.08874	0.491495	L	0.0271568
11477010463600000	28.6431	6.16173	-1.99225	4.70713	28.6374	6.17448	-5.20055	5.13025	0.522091	R	3.71789
11477010463650000	28.5407	6.39585	-2.10412	4.65358	28.5324	6.40116	-5.19137	5.15619	0.522561	L	0.144985
11477010463700000	28.4327	6.62724	-2.21379	4.59767	28.462	6.6499	-5.19432	5.16471	0.500779	R	11.576
11477010463750000	28.3192	6.85578	-2.32119	4.53952	28.3645	6.85303	-5.164	5.18718	0.500157	L	1.77537
11477010463800000	28.2005	7.08135	-2.42628	4.47922	28.2442	7.07843	-5.15867	5.20525	0.480941	R	2.22395
11477010463850000	28.0765	7.30386	-2.529	4.41689	28.1218	7.35424	-5.20166	5.22186	0.47007	L	3.31605
11477010463900000	27.9475	7.52321	-2.62933	4.35263	27.9855	7.58123	-5.20648	5.2505	0.480708	R	1.00368
11477010463950000	27.8135	7.73929	-2.72722	4.28656	27.8579	7.7974	-5.19888	5.27275	0.479286	L	0.167357
11477010464000000	27.6747	7.95203	-2.82265	4.21877	27.7017	8.01095	-5.20137	5.305	0.492714	R	0.885167
11477010464050000	27.5312	8.16134	-2.91558	4.14938	27.5394	8.22132	-5.20378	5.33456	0.497835	L	0.3401
11477010464100000	27.3831	8.36714	-3.00599	4.07849	27.3596	8.40837	-5.20259	5.38738	0.555937	R	4.07531
11477010464150000	27.2305	8.56936	-3.09388	4.00622	27.2098	8.58627	-5.17758	5.41472	0.557118	L	1.15484
11477010464200000	27.0736	8.76794	-3.17922	3.93267	27.0408	8.78597	-5.18292	5.44531	0.566263	R	1.65521
11477010464250000	26.9125	8.9628	-3.262	3.85794	26.824	9.02981	-5.24417	5.47455	0.562842	L	7.1297
11477010464300000	26.7473	9.1539	-3.34223	3.78216	26.6405	9.218	-5.23829	5.49014	0.528793	R	4.63917
11477010464350000	26.5781	9.34119	-3.4199	3.70541	26.4402	9.3652	-5.21675	5.5285	0.543355	L	1.67663
11477010464400000	26.4052	9.52461	-3.49502	3.62781	26.286	9.57182	-5.20978	5.51989	0.473613	R	3.5586
11477010464450000	26.2285	9.70414	-3.56759	3.54945	26.1048	9.77672	-5.22536	5.53483	0.462916	L	0.837037
11477010464500000	26.0483	9.87973	-3.63763	3.47045	25.9327	9.98153	-5.22423	5.52495	0.392635	R	5.11053
11477010464550000	25.8646	10.0514	-3.70515	3.39089	25.7575	10.1143	-5.18275	5.55135	0.402675	L	2.87257
11477010464600000	25.6776	10.219	-3.77016	3.31087	25.5575	10.2787	-5.18592	5.58357	0.430747	R	1.27246
11477010464650000	25.4875	10.3826	-3.8327	3.2305	25.3653	10.381	-5.13728	5.61885	0.44845	L	4.2579
11477010464700000	25.2942	10.5422	-3.89278	3.14987	25.1663	10.5552	-5.14342	5.62919	0.424632	R	3.99972
11477010464750000	25.098	10.6978	-3.95044	3.06906	24.9512	10.7019	-5.14415	5.65466	0.429235	L	0.204964
11477010464800000	24.899	10.8493	-4.00571	2.98817	24.7475	10.864	-5.14179	5.65815	0.388076	R	2.74756
11477010464850000	24.6973	10.9967	-4.05861	2.90729	24.5456	10.9883	-5.12103	5.68232	0.394412	L	0.728685
11477010464900000	24.493	11.1402	-4.10919	2.8265	24.3469	11.1512	-5.12616	5.6949	0.389108	R	6.17031
11477010464950000	24.2862	11.2795	-4.15749	2.74589	24.1565	11.2986	-5.11496	5.70692	0.381506	L	1.16432
11477010465000000	24.0771	11.4149	-4.20354	2.66553	23.9398	11.4201	-5.1103	5.73853	0.408177	R	2.92041
11477010465050000	23.8657	11.5462	-4.24739	2.58551	23.7259	11.4834	-5.06571	5.77728	0.430428	L	4.13184
11477010465100000	23.6522	11.6736	-4.28909	2.50589	23.5191	11.6199	-5.05879	5.78177	0.397719	R	0.94517
11477010465150000	23.4366	11.797	-4.32868	2.42676	23.3026	11.743	-5.05655	5.7992	0.395109	L	0.0918721
11477010465200000	23.2191	11.9164	-4.36622	2.34818	23.0803	11.8665	-5.05782	5.81333	0.384691	R	0.373438
11477010465250000	22.9998	12.0319	-4.40174	2.27022	22.8512	11.9871	-5.06441	5.83049	0.382065	L	0.076194
11477010465300000	22.7788	12.1436	-4.43532	2.19295	22.6373	12.1165	-5.06108	5.83391	0.355061	R	1.19811
11477010465350000	22.5561	12.2513	-4.46699	2.11642	22.416	12.2082	-5.0471	5.85552	0.359974	L	0.335614
11477010465400000	22.3319	12.3553	-4.49681	2.04071	22.2062	12.34	-5.0358	5.84225	0.297496	R	3.14081
11477010465450000	22.1062	12.4555	-4.52484	1.96586	21.9525	12.4314	-5.0478	5.86638	0.307273	L	1.55449
11477010465500000	21.8792	12.552	-4.55114	1.89194	21.7267	12.5319	-5.0471	5.88665	0.322107	R	1.93954
11477010465550000	21.6509	12.6448	-4.57575	1.81899	21.4963	12.6041	-5.03348	5.91013	0.330746	L	0.443836
11477010465600000	21.4215	12.734	-4.59875	1.74706	21.2736	12.7064	-5.02417	5.91105	0.299157	R	1.72115
11477010465650000	21.1909	12.8197	-4.62018	1.6762	21.0686	12.8713	-5.03567	5.89545	0.264993	L	6.47502
11477010465700000	20.9593	12.9018	-4.6401	1.60647	20.8284	12.953	-5.0423	5.92605	0.303049	R	2.59814
11477010465750000	20.7267	12.9804	-4.65858	1.53789	20.6262	13.0161	-5.00455	5.94393	0.307147	L	2.92297
11477010465800000	20.4932	13.0557	-4.67567	1.47051	20.3811	13.0511	-5.00416	5.99852	0.384447	R	7.59044
11477010465850000	20.2589	13.1276	-4.69142	1.40437	20.1534	13.1429	-5.0037	6.00757	0.37331	L	0.869995
11477010465900000	20.0239	13.1962	-4.70591	1.3395	19.9086	13.2256	-5.00648	6.00981	0.337999	R	3.76395
11477010465950000	19.7882	13.2616	-4.71918	1.27594	19.6984	13.2405	-4.96101	6.04085	0.355279	L	3.63957
11477010466000000	19.5518	13.3239	-4.73129	1.21372	19.4611	13.3261	-4.96488	6.04232	0.3285	R	3.71305
11477010466050000	19.3149	13.3831	-4.7423	1.15287	19.1887	13.3941	-4.99464	6.05842	0.327027	L	2.12719
11477010466100000	19.0774	13.4392	-4.75226	1.09341	18.9446	13.434	-4.99033	6.08018	0.333547	R	1.74233
11477010466150000	18.8395	13.4925	-4.76124	1.03538	18.7134	13.448	-4.9674	6.10827	0.347127	L	1.06168
11477010466200000	18.6011	13.5429	-4.76928	0.97879	18.4602	13.4864	-4.97406	6.12781	0.349811	R	1.17973
11477010466250000	18.3624	13.5904	-4.77644	0.923668	18.2481	13.5747	-4.96118	6.1223	0.324591	L	5.49305
11477010466300000	18.1233	13.6353	-4.78278	0.870034	18.0049	13.6545	-4.96224	6.10786	0.268505	R	4.92997
11477010466350000	17.8839	13.6775	-4.78834	0.817907	17.7838	13.7043	-4.94451	6.11618	0.263404	L	1.39682
11477010466400000	17.6443	13.7172	-4.79318	0.767303	17.5463	13.7371	-4.94331	6.14099	0.290993	R	3.24927
11477010466450000	17.4044	13.7543	-4.79734	0.718238	